
Step	Training Loss
25	4.680600
50	4.317000
75	4.588600
100	4.209100
125	4.425000
150	4.004200
175	4.153700
200	3.333900
225	3.491100
250	2.349300
275	3.104600
300	2.032600
325	2.865900
350	1.861000
375	2.892800
400	1.968600
425	2.851900
450	1.939600
475	2.814600
500	1.909600
525	2.779100
550	1.760200
575	2.767600
600	1.853000
625	2.747000
650	1.822200
675	2.770900
700	1.716600
725	2.587500
750	1.710100
775	2.720500
800	1.949500
825	2.725400
850	1.733500
875	2.724800
900	1.850400
925	2.644600
950	1.706500
975	2.592600
1000	1.760400
1025	2.651000
1050	1.674200
1075	2.715000
1100	1.718800
1125	2.634600
1150	1.649600
1175	2.650600
1200	1.694500
1225	2.591400
1250	1.623600
1275	2.554800
1300	1.574100
1325	2.727000
1350	1.780800
1375	2.568600
1400	1.514900
1425	2.549000
1450	1.626300
1475	2.690400
1500	1.715400
1525	2.606200
1550	1.627500
1575	2.574800
1600	1.658500
1625	2.623100
1650	1.609200
1675	2.472000
1700	1.478100
1725	2.495600
1750	1.662400
1775	2.635000
1800	1.595700
1825	2.551700
1850	1.583300
1875	2.723300
1900	1.568600
1925	2.476100
1950	1.555000
1975	2.521700
2000	1.675500
2025	2.618000
2050	1.498100
2075	2.477300
2100	1.483700
2125	2.596000
2150	1.681100
2175	2.526900
2200	1.527900
2225	2.495800
2250	1.609000
2275	2.562100
2300	1.596200
2325	2.544000
2350	1.779200
2375	2.595600
2400	1.840400
2425	2.563300
2450	1.540400
2475	2.694800
2500	1.527300
2525	2.504500
2550	1.650400
2575	2.588700
2600	1.756100
2625	2.481700
2650	1.529700
2675	2.470400
2700	1.347200
2725	2.591200
2750	1.693000
2775	2.634000
2800	1.571800
2825	2.586500
2850	1.654400
2875	2.438000
2900	1.534700
2925	2.543800
2950	1.659100
2975	2.532700
3000	1.382000
3025	2.444400
3050	1.531200
3075	2.477400
3100	1.663800
3125	2.535800
3150	1.540300
3175	2.540800
3200	1.490300
3225	2.593200
3250	1.661500
3275	2.539700
3300	1.443400
3325	2.527800
3350	1.550800
3375	2.489600
3400	1.587900
3425	2.496300
3450	1.730600
3475	2.472100
3500	1.680800
3525	2.481400
3550	1.582700
3575	2.507600
3600	1.580700
3625	2.568200
3650	1.665000
3675	2.473600
3700	1.578300
3725	2.442800
3750	1.409200
3775	2.433500
3800	1.574100
3825	2.464200
3850	1.515900
3875	2.528900
3900	1.602300
3925	2.470700
3950	1.533700
3975	2.619400
4000	1.636500
4025	2.524800
4050	1.488500
4075	2.624500
4100	1.640600
4125	2.525200
4150	1.616700
4175	2.533900
4200	1.429000
4225	2.536600
4250	1.532600
4275	2.566100
4300	1.585200
4325	2.488300
4350	1.559400
4375	2.435700
4400	1.544800
4425	2.534900
4450	1.607900
4475	2.567300
4500	1.448200
4525	2.544100
4550	1.514000
4575	2.498100
4600	1.663800
4625	2.422200
4650	1.414400
4675	2.502600
4700	1.480300
4725	2.553300
4750	1.514400
4775	2.451800
4800	1.548800
4825	2.462900
4850	1.539800
4875	2.452900
4900	1.564600
4925	2.479000
4950	1.494300
4975	2.411000
5000	1.582600
5025	2.592900
5050	1.368000
5075	2.525400
5100	1.479200
5125	2.484000
5150	1.572200
5175	2.438900
5200	1.552800
5225	2.512000
5250	1.584600
5275	2.424200
5300	1.468200
5325	2.571300
5350	1.549200
5375	2.479900
5400	1.560500
5425	2.467200
5450	1.467400
5475	2.563800
5500	1.496200
5525	2.483700
5550	1.612300
5575	2.466200
5600	1.525900
5625	2.535800
5650	1.397100
5675	2.392200
5700	1.394700
5725	2.508000
5750	1.584900
5775	2.505200
5800	1.764200
5825	2.421400
5850	1.373500
5875	2.394100
5900	1.575000
5925	2.474800
5950	1.557000
5975	2.464200
6000	1.524300
6025	2.498800
6050	1.478100
6075	2.492300
6100	1.499100
6125	2.471400
6150	1.508100
6175	2.591300
6200	1.609600
6225	2.461200
6250	1.407000
6275	2.554000
6300	1.570100
6325	2.440000
6350	1.523800
6375	2.546100
6400	1.602300
6425	2.479300
6450	1.568300
6475	2.454900
6500	1.557500
6525	2.413400
6550	1.353100
6575	2.488100
6600	1.526000
6625	2.452100
6650	1.627200
6675	2.465900
6700	1.666600
6725	2.351000
6750	1.436000
6775	2.491500
6800	1.602300
6825	2.484400
6850	1.427400
6875	2.455200
6900	1.493600
6925	2.502800
6950	1.566100
6975	2.429000
7000	1.378700
7025	2.393600
7050	1.608100
7075	2.471100
7100	1.520300
7125	2.404900
7150	1.518700
7175	2.426600
7200	1.574600
7225	2.464900
7250	1.552700
7275	2.378800
7300	1.490800
7325	2.492500
7350	1.499100
7375	2.526600
7400	1.583500
7425	2.547700
7450	1.562800
7475	2.408600
7500	1.420800
7525	2.476300
7550	1.610800
7575	2.325900
7600	1.459600
7625	2.517000
7650	1.459100
7675	2.518400
7700	1.570100
7725	2.474800
7750	1.618200
7775	2.509300
7800	1.567500
7825	2.487200
7850	1.607500
7875	2.477000
7900	1.509700
7925	2.415600
7950	1.549800
7975	2.463500
8000	1.403400
8025	2.435000
8050	1.646400
8075	2.475700
8100	1.442700
8125	2.430100
8150	1.740600
8175	2.493000
8200	1.403700
8225	2.333300
8250	1.583000
8275	2.438600
8300	1.531500
8325	2.430500
8350	1.340700
8375	2.430600
8400	1.409900
8425	2.513900
8450	1.667200
8475	2.443400
8500	1.522900
8525	2.530500
8550	1.599900
8575	2.341700
8600	1.394300
8625	2.338300
8650	1.322800
8675	2.374100
8700	1.542700
8725	2.548600
8750	1.644800
8775	2.401300
8800	1.496000
8825	2.564500
8850	1.533200
8875	2.485500
8900	1.556800
8925	2.427500
8950	1.496700
8975	2.408200
9000	1.529600
9025	2.453600
9050	1.450700
9075	2.510300
9100	1.617000
9125	2.452000
9150	1.369500
9175	2.497700
9200	1.650800
9225	2.474300
9250	1.450200
9275	2.407300
9300	1.353400
9325	2.366000
9350	1.402200
9375	2.570100
9400	1.453900
9425	2.447500
9450	1.511900
9475	2.505700
9500	1.612700
9525	2.539600
9550	1.544600
9575	2.444000
9600	1.624800
9625	2.564300
9650	1.652200
9675	2.477100
9700	1.482700
9725	2.460200
9750	1.425400
9775	2.475900
9800	1.516900
9825	2.418800
9850	1.386000
9875	2.516500
9900	1.652400
9925	2.423900
9950	1.552800
9975	2.441100
10000	1.462400
10025	2.447400
10050	1.696900
10075	2.464800
10100	1.471700
10125	2.481400
10150	1.469200
10175	2.429300
10200	1.513000
10225	2.334100
10250	1.433900
10275	2.448700
10300	1.475700
10325	2.384800
10350	1.458300
10375	2.411400
10400	1.536200
10425	2.445600
10450	1.549300
10475	2.433100
10500	1.507300
10525	2.528800
10550	1.521400
10575	2.452900
10600	1.332500
10625	2.446600
10650	1.511400
10675	2.437200
10700	1.577800
10725	2.526500
10750	1.476200
10775	2.480700
10800	1.540900
10825	2.501400
10850	1.552000
10875	2.505500
10900	1.603300
10925	2.392400
10950	1.585200
10975	2.367400
11000	1.446000
11025	2.364600
11050	1.609600
11075	2.415700
11100	1.535800
11125	2.427600
11150	1.712000
11175	2.472600
11200	1.460900
11225	2.407200
11250	1.539300
11275	2.495300
11300	1.360300
11325	2.379700
11350	1.587000
11375	2.499900
11400	1.431000
11425	2.400000
11450	1.492300
11475	2.388100
11500	1.428600
11525	2.488900
11550	1.537900
11575	2.436100
11600	1.496600
11625	2.445000
11650	1.508600
11675	2.506900
11700	1.565900
11725	2.425600
11750	1.600000
11775	2.326300
11800	1.356300
11825	2.426300
11850	1.468200
11875	2.479200
11900	1.456000
11925	2.394600
11950	1.392100
11975	2.442600
12000	1.398900
12025	2.454100
12050	1.580400
12075	2.396300
12100	1.508400
12125	2.387200
12150	1.552000
12175	2.411000
12200	1.492600
12225	2.540400
12250	1.617800
12275	2.454100
12300	1.512100
12325	2.450900
12350	1.513900
12375	2.457300
12400	1.591400
12425	2.503900
12450	1.559400
12475	2.473800
12500	1.566600
12525	2.474900
12550	1.645300
12575	2.327500
12600	1.524700
12625	2.443500
12650	1.555700
12675	2.423100
12700	1.459500
12725	2.447900
12750	1.487800
12775	2.446300
12800	1.529100
12825	2.396800
12850	1.392500
12875	2.458300
12900	1.527900
12925	2.540800
12950	1.562600
12975	2.373100
13000	1.472900
13025	2.448900
13050	1.485800
13075	2.387300
13100	1.531800
13125	2.364200
13150	1.572200
13175	2.520300
13200	1.591600
13225	2.509100
13250	1.729800
13275	2.425400
13300	1.368100
13325	2.505000
13350	1.735200
13375	2.497000
13400	1.459600
13425	2.304600
13450	1.425900
13475	2.351400
13500	1.329600
13525	2.469600
13550	1.449500
13575	2.459600
13600	1.556500
13625	2.508700
13650	1.566900
13675	2.391700
13700	1.392700
13725	2.372900
13750	1.463400
13775	2.368800
13800	1.480700
13825	2.386900
13850	1.568400
13875	2.440000
13900	1.542600
13925	2.424300
13950	1.555500
13975	2.387800
14000	1.323600
14025	2.384300
14050	1.470100
14075	2.462300
14100	1.609400
14125	2.400400
14150	1.617300
14175	2.445400
14200	1.643800
14225	2.355600
14250	1.621600
14275	2.435000
14300	1.432800
14325	2.524700
14350	1.513400
14375	2.469600
14400	1.685800
14425	2.452900
14450	1.537100
14475	2.395300
14500	1.571500
14525	2.461100
14550	1.609000
14575	2.434400
14600	1.451200
14625	2.316400
14650	1.349200
14675	2.457800
14700	1.436600
14725	2.403300
14750	1.590500
14775	2.418800
14800	1.588400
14825	2.356200
14850	1.324300
14875	2.432500
14900	1.631100
14925	2.469200
14950	1.438100
14975	2.369800
15000	1.437900
15025	2.342700
15050	1.502600
15075	2.535600
15100	1.465600
15125	2.474700
15150	1.603100
15175	2.424900
15200	1.648800
15225	2.367800
15250	1.472000
15275	2.466300
15300	1.433600
15325	2.303700
15350	1.400000
15375	2.373000
15400	1.520900
15425	2.318800
15450	1.414100
15475	2.455800
15500	1.444600
15525	2.419700
15550	1.459600
15575	2.340500
15600	1.424600
15625	2.375400
15650	1.451500
15675	2.336200
15700	1.429600
15725	2.384900
15750	1.516900
15775	2.352700
15800	1.567000
15825	2.314600
15850	1.388000
15875	2.451200
15900	1.430600
15925	2.405600
15950	1.431500
15975	2.368100
16000	1.537900
16025	2.367100
16050	1.439000
16075	2.407800
16100	1.453800
16125	2.541200
16150	1.428300
16175	2.459300
16200	1.493400
16225	2.564300
16250	1.600600
16275	2.447400
16300	1.415000
16325	2.438100
16350	1.518100
16375	2.403000
16400	1.512200
16425	2.301500
16450	1.408600
16475	2.367300
16500	1.396900
16525	2.411000
16550	1.607300
16575	2.455900
16600	1.630100
16625	2.367400
16650	1.489800
16675	2.431400
16700	1.600100
16725	2.365900
16750	1.408700
16775	2.429800
16800	1.489000
16825	2.373900
16850	1.440900
16875	2.379100
16900	1.400800
16925	2.400400
16950	1.530800
16975	2.405600
17000	1.606800
17025	2.424700
17050	1.426000
17075	2.451100
17100	1.549600
17125	2.377900
17150	1.596800
17175	2.375800
17200	1.447600
17225	2.364600
17250	1.422300
17275	2.382800
17300	1.394400
17325	2.288800
17350	1.437200
17375	2.263700
17400	1.484800
17425	2.511400
17450	1.386000
17475	2.377200
17500	1.442000
17525	2.387800
17550	1.535800
17575	2.399800
17600	1.570100
17625	2.485400
17650	1.649800
17675	2.443000
17700	1.587900
17725	2.402600
17750	1.535600
17775	2.348300
17800	1.445400
17825	2.496100
17850	1.587100
17875	2.313200
17900	1.542800
17925	2.368200
17950	1.350900
17975	2.444300
18000	1.665800
18025	2.375400
18050	1.590400
18075	2.341100
18100	1.552200
18125	2.463200
18150	1.355100
18175	2.407700
18200	1.420100
18225	2.236000
18250	1.475500
18275	2.370300
18300	1.398900
18325	2.432100
18350	1.447100
18375	2.507800
18400	1.714800
18425	2.514300
18450	1.688100
18475	2.362600
18500	1.383300
18525	2.413200
18550	1.540600
18575	2.412400
18600	1.469900
18625	2.324800
18650	1.482200
18675	2.482800
18700	1.627300
18725	2.410900
18750	1.481500
18775	2.456300
18800	1.496900
18825	2.502700
18850	1.590200
18875	2.365600
18900	1.330300
18925	2.459400
18950	1.554800
18975	2.321000
19000	1.473000
19025	2.434000
19050	1.550300
19075	2.501600
19100	1.536500
19125	2.505800
19150	1.799400
19175	2.376300
19200	1.480400
19225	2.371300
19250	1.450400
19275	2.335300
19300	1.369200
19325	2.446600
19350	1.634100
19375	2.427900
19400	1.561000
19425	2.458600
19450	1.418700
19475	2.373200
19500	1.491700
19525	2.516800
19550	1.580600
19575	2.366500
19600	1.565800
19625	2.410600
19650	1.526700
19675	2.312100
19700	1.304200
19725	2.427100
19750	1.495300
19775	2.463700
19800	1.633700
19825	2.395300
19850	1.600600
19875	2.422500
19900	1.478800
19925	2.445800
19950	1.457300
19975	2.402800
20000	1.557000
20025	2.285600
20050	1.363300
20075	2.414200
20100	1.340800
20125	2.377100
20150	1.528000
20175	2.371300
20200	1.543100
20225	2.370800
20250	1.507400
20275	2.527200
20300	1.483500
20325	2.314500
20350	1.568000
20375	2.520600
20400	1.471400
20425	2.362200
20450	1.573400
20475	2.462600
20500	1.667500
20525	2.364500
20550	1.442100
20575	2.447200
20600	1.518200
20625	2.406500
20650	1.635200
20675	2.361600
20700	1.385000
20725	2.308300
20750	1.344600
20775	2.388300
20800	1.429500
20825	2.398000
20850	1.663300
20875	2.495300
20900	1.484100
20925	2.483200
20950	1.505000
20975	2.516900
21000	1.461400
21025	2.290500
21050	1.368500
21075	2.395400
21100	1.547700
21125	2.297800
21150	1.392800
21175	2.451300
21200	1.523200
21225	2.414800
21250	1.387600
21275	2.366600
21300	1.377700
21325	2.482600
21350	1.505100
21375	2.347400
21400	1.307600
21425	2.493200
21450	1.647100
21475	2.334000
21500	1.574100
21525	2.405400
21550	1.572300
21575	2.534500
21600	1.531400
21625	2.414600
21650	1.391600
21675	2.390000
21700	1.376400
21725	2.408900
21750	1.446500
21775	2.369900
21800	1.563800
21825	2.502800
21850	1.619800
21875	2.362800
21900	1.348900
21925	2.326400
21950	1.385300
21975	2.378900
22000	1.452500
22025	2.381900
22050	1.291900
22075	2.384500
22100	1.519200
22125	2.403500
22150	1.582300
22175	2.458000
22200	1.536900
22225	2.420900
22250	1.549600
22275	2.366000
22300	1.489600
22325	2.354100
22350	1.423000
22375	2.446500
22400	1.383300
22425	2.358800
22450	1.557800
22475	2.439500
22500	1.630300
22525	2.420300
22550	1.363500
22575	2.479100
22600	1.555500
22625	2.389500
22650	1.490700
22675	2.358000
22700	1.610100
22725	2.361400
22750	1.537400
22775	2.311200
22800	1.422700
22825	2.380700
22850	1.565100
22875	2.460300
22900	1.502800
22925	2.467200
22950	1.420400
22975	2.321200
23000	1.511700
23025	2.439600
23050	1.398800
23075	2.375600
23100	1.509100
23125	2.458600
23150	1.355200
23175	2.410100
23200	1.408400
23225	2.431600
23250	1.451700
23275	2.343900
23300	1.439300
23325	2.349600
23350	1.490500
23375	2.425800
23400	1.399000
23425	2.417200
23450	1.506800
23475	2.342400
23500	1.419300
23525	2.490100
23550	1.544900
23575	2.315900
23600	1.346600
23625	2.464600
23650	1.437600
23675	2.337000
23700	1.348800
23725	2.417800
23750	1.480700
23775	2.379600
23800	1.379300
23825	2.389400
23850	1.485400
23875	2.383100
23900	1.454500
23925	2.391700
23950	1.348200
23975	2.334000
24000	1.371700
24025	2.465800
24050	1.565800
24075	2.330500
24100	1.333200
24125	2.363800
24150	1.431300
24175	2.360900
24200	1.363700
24225	2.314200
24250	1.544300
24275	2.328100
24300	1.385700
24325	2.386500
24350	1.446800
24375	2.447000
24400	1.619900
24425	2.324700
24450	1.252000
24475	2.339200
24500	1.314600
24525	2.419300
24550	1.559100
24575	2.243500
24600	1.318200
24625	2.484700
24650	1.451700
24675	2.428600
24700	1.347700
24725	2.341200
24750	1.299600
24775	2.504100
24800	1.465700
24825	2.416400
24850	1.207300
24875	2.425700
24900	1.441000
24925	2.382600
24950	1.443300
24975	2.352300
25000	1.468300
25025	2.365100
25050	1.333600
25075	2.441900
25100	1.546300
25125	2.388500
25150	1.461500
25175	2.337300
25200	1.493700
25225	2.399500
25250	1.315900
25275	2.335700
25300	1.526200
25325	2.341500
25350	1.393200
25375	2.378500
25400	1.383400
25425	2.316100
25450	1.398500
25475	2.456400
25500	1.397900
25525	2.430100
25550	1.480000
25575	2.392900
25600	1.476900
25625	2.377900
25650	1.559500
25675	2.368300
25700	1.574400
25725	2.455200
25750	1.462400
25775	2.239100
25800	1.471500
25825	2.350500
25850	1.426100
25875	2.401000
25900	1.550300
25925	2.347300
25950	1.475400
25975	2.431000
26000	1.407000
26025	2.393600
26050	1.483200
26075	2.348700
26100	1.511400
26125	2.549700
26150	1.454800
26175	2.325300
26200	1.525100
26225	2.504600
26250	1.571600
26275	2.336400
26300	1.465300
26325	2.487900
26350	1.500600
26375	2.418800
26400	1.381300
26425	2.339900
26450	1.425700
26475	2.296500
26500	1.489000
26525	2.457800
26550	1.594600
26575	2.347300
26600	1.387800
26625	2.414700
26650	1.440600
26675	2.423200
26700	1.431700
26725	2.390100
26750	1.560700
26775	2.397900
26800	1.316600
26825	2.431500
26850	1.455200
26875	2.191700
26900	1.365400
26925	2.384900
26950	1.646200
26975	2.428600
27000	1.536000
27025	2.336700
27050	1.464400
27075	2.561000
27100	1.523600
27125	2.322300
27150	1.487600
27175	2.407900
27200	1.390800
27225	2.423500
27250	1.436400
27275	2.374700
27300	1.477600
27325	2.464600
27350	1.451000
27375	2.316700
27400	1.391600
27425	2.427700
27450	1.502700
27475	2.414000
27500	1.692100
27525	2.354300
27550	1.468400
27575	2.506300
27600	1.528100
27625	2.285700
27650	1.343600
27675	2.307400
27700	1.451300
27725	2.386800
27750	1.581100
27775	2.426100
27800	1.450500
27825	2.459100
27850	1.529100
27875	2.293200
27900	1.322300
27925	2.425000
27950	1.596800
27975	2.387500
28000	1.589000
28025	2.253700
28050	1.450400
28075	2.269200
28100	1.476100
28125	2.344700
28150	1.489100
28175	2.282800
28200	1.410600
28225	2.314500
28250	1.232700
28275	2.273300
28300	1.266400
28325	2.346900
28350	1.454700
28375	2.402800
28400	1.459800
28425	2.343000
28450	1.353300
28475	2.331800
28500	1.455900
28525	2.369700
28550	1.456500
28575	2.404300
28600	1.368100
28625	2.451900
28650	1.453700
28675	2.396100
28700	1.627700
28725	2.349900
28750	1.406100
28775	2.323700
28800	1.538000
28825	2.242200
28850	1.459900
28875	2.307300
28900	1.304000
28925	2.440200
28950	1.427900
28975	2.434600
29000	1.520200
29025	2.345900
29050	1.441100
29075	2.327700
29100	1.410200
29125	2.281400
29150	1.287800
29175	2.395100
29200	1.440500
29225	2.322300
29250	1.358200
29275	2.343900
29300	1.275200
29325	2.343400
29350	1.617700
29375	2.359200
29400	1.348600
29425	2.415900
29450	1.564500
29475	2.322800
29500	1.474800
29525	2.335000
29550	1.466400
29575	2.415900
29600	1.400500
29625	2.395900
29650	1.384200
29675	2.556700
29700	1.495800
29725	2.429500
29750	1.392100
29775	2.344500
29800	1.534900
29825	2.265700
29850	1.428100
29875	2.385400
29900	1.447200
29925	2.326500
29950	1.525700
29975	2.368800
30000	1.542600
30025	2.473100
30050	1.441400
30075	2.269900
30100	1.402100
30125	2.348400
30150	1.397800
30175	2.436800
30200	1.565000
30225	2.405500
30250	1.438300
30275	2.304900
30300	1.297800
30325	2.337200
30350	1.504900
30375	2.313600
30400	1.507300
30425	2.291200
30450	1.355200
30475	2.387000
30500	1.386900
30525	2.429300
30550	1.477400
30575	2.440500
30600	1.459900
30625	2.396400
30650	1.519400
30675	2.345300
30700	1.511500
30725	2.337400
30750	1.430000
30775	2.430700
30800	1.614200
30825	2.295700
30850	1.346500
30875	2.341600
30900	1.450000
30925	2.370900
30950	1.422700
30975	2.432700
31000	1.317900
31025	2.375700
31050	1.438200
31075	2.358600
31100	1.431900
31125	2.483500
31150	1.516400
31175	2.378400
31200	1.545000
31225	2.380500
31250	1.503000
31275	2.386000
31300	1.488000
31325	2.260800
31350	1.382700
31375	2.326200
31400	1.411800
31425	2.336800
31450	1.447400
31475	2.363400
31500	1.543100
31525	2.390200
31550	1.592700
31575	2.309900
31600	1.564600
31625	2.331100
31650	1.434600
31675	2.466900
31700	1.498800
31725	2.376900
31750	1.454100
31775	2.303000
31800	1.275900
31825	2.299200
31850	1.390100
31875	2.372600
31900	1.420000
31925	2.422500
31950	1.478300
31975	2.224100
32000	1.281000
32025	2.391700
32050	1.444700
32075	2.404100
32100	1.455800
32125	2.255500
32150	1.355500
32175	2.342900
32200	1.479300
32225	2.261800
32250	1.466500
32275	2.356500
32300	1.565700
32325	2.423900
32350	1.534700
32375	2.381600
32400	1.449100
32425	2.496200
32450	1.437500
32475	2.348900
32500	1.469400
32525	2.255800
32550	1.413500
32575	2.367100
32600	1.395700
32625	2.461800
32650	1.592300
32675	2.237100
32700	1.291300
32725	2.315000
32750	1.323900
32775	2.234400
32800	1.329900
32825	2.386100
32850	1.456300
32875	2.292200
32900	1.515400
32925	2.471800
32950	1.442400
32975	2.318600
33000	1.414200
33025	2.356100
33050	1.436700
33075	2.446200
33100	1.420500
33125	2.332500
33150	1.519400
33175	2.301400
33200	1.391400
33225	2.338800
33250	1.463500
33275	2.304700
33300	1.358200
33325	2.446900
33350	1.675000
33375	2.298000
33400	1.346600
33425	2.377000
33450	1.240500
33475	2.430400
33500	1.560400
33525	2.418700
33550	1.303700
33575	2.473600
33600	1.509000
33625	2.396100
33650	1.387300
33675	2.356100
33700	1.375000
33725	2.384000
33750	1.458700
33775	2.440600
33800	1.438700
33825	2.248300
33850	1.252200
33875	2.283800
33900	1.388700
33925	2.238800
33950	1.317600
33975	2.260700
34000	1.369600
34025	2.327300
34050	1.457700
34075	2.231900
34100	1.390900
34125	2.331700
34150	1.380400
34175	2.418600
34200	1.537700
34225	2.391200
34250	1.394600
34275	2.273000
34300	1.458300
34325	2.297400
34350	1.526400
34375	2.344900
34400	1.406500
34425	2.420800
34450	1.762500
34475	2.269100
34500	1.359300
34525	2.301800
34550	1.606800
34575	2.289400
34600	1.426600
34625	2.379000
34650	1.446800
34675	2.319600
34700	1.366600
34725	2.272500
34750	1.446800
34775	2.286700
34800	1.491700
34825	2.290300
34850	1.358800
34875	2.282200
34900	1.486000
34925	2.385400
34950	1.542900
34975	2.397500
35000	1.478900
35025	2.372000
35050	1.564900
35075	2.449200
35100	1.512200
35125	2.340200
35150	1.458600
35175	2.327200
35200	1.571800
35225	2.470300
35250	1.496900
35275	2.332700
35300	1.595800
35325	2.359800
35350	1.501900
35375	2.381800
35400	1.507400
35425	2.258700
35450	1.402400
35475	2.402400
35500	1.525900
35525	2.378600
35550	1.547700
35575	2.362400
35600	1.360400
35625	2.280200
35650	1.238600
35675	2.332300
35700	1.390000
35725	2.431300
35750	1.520400
35775	2.271200
35800	1.319300
35825	2.362300
35850	1.415500
35875	2.287200
35900	1.401500
35925	2.337800
35950	1.515800
35975	2.380600
36000	1.485700
36025	2.271200
36050	1.429800
36075	2.392000
36100	1.554000
36125	2.345500
36150	1.373700
36175	2.266400
36200	1.382000
36225	2.411600
36250	1.633900
36275	2.336700
36300	1.377800
36325	2.308900
36350	1.373500
36375	2.472700
36400	1.415000
36425	2.372100
36450	1.374000
36475	2.427200
36500	1.427400
36525	2.229200
36550	1.497800
36575	2.438600
36600	1.513300
36625	2.489400
36650	1.481300
36675	2.340300
36700	1.462400
36725	2.395000
36750	1.434100
36775	2.329000
36800	1.555800
36825	2.336200
36850	1.343400
36875	2.353900
36900	1.491100
36925	2.346600
36950	1.796000
36975	2.308300
37000	1.574300
37025	2.368000
37050	1.415600
37075	2.370500
37100	1.467800
37125	2.234100
37150	1.289900
37175	2.401800
37200	1.484200
37225	2.239500
37250	1.520700
37275	2.455900
37300	1.384800
37325	2.411600
37350	1.465700
37375	2.347300
37400	1.591300
37425	2.400700
37450	1.425400
37475	2.400500
37500	1.471100
37525	2.386800
37550	1.612600
37575	2.210100
37600	1.290200
37625	2.476400
37650	1.590400
37675	2.442700
37700	1.426200
37725	2.419600
37750	1.467200
37775	2.385900
37800	1.463300
37825	2.400000
37850	1.515600
37875	2.353000
37900	1.410700
37925	2.296100
37950	1.454800
37975	2.435600
38000	1.424200
38025	2.130600
38050	1.366100
38075	2.404800
38100	1.278100
38125	2.248900
38150	1.410800
38175	2.283600
38200	1.330700
38225	2.394700
38250	1.535100
38275	2.416500
38300	1.503200
38325	2.310200
38350	1.462700
38375	2.356100
38400	1.507700
38425	2.429300
38450	1.416400
38475	2.395600
38500	1.368900
38525	2.268200
38550	1.533300
38575	2.479800
38600	1.398200
38625	2.276000
38650	1.502300
38675	2.314200
38700	1.391000
38725	2.309000
38750	1.562700
38775	2.459100
38800	1.558000
38825	2.250800
38850	1.578100
38875	2.306400
38900	1.316400
38925	2.358200
38950	1.539800
38975	2.346700
39000	1.521000
39025	2.401100
39050	1.464200
39075	2.311600
39100	1.352200
39125	2.315100
39150	1.359600
39175	2.337000
39200	1.543300
39225	2.395300
39250	1.540200
39275	2.480800
39300	1.576100
39325	2.297900
39350	1.328100
39375	2.359800
39400	1.378300
39425	2.323300
39450	1.314600
39475	2.326200
39500	1.415300
39525	2.341600
39550	1.392600
39575	2.395700
39600	1.365000
39625	2.371400
39650	1.448800
39675	2.375200
39700	1.450200
39725	2.245100
39750	1.284100
39775	2.361900
39800	1.402200
39825	2.418600
39850	1.507200
39875	2.344500
39900	1.447600
39925	2.376400
39950	1.397700
39975	2.314900
40000	1.525000
40025	2.418200
40050	1.606800
40075	2.243000
40100	1.279000
40125	2.420900
40150	1.471700
40175	2.326300
40200	1.315000
40225	2.365500
40250	1.476400
40275	2.381300
40300	1.456800
40325	2.277400
40350	1.284000
40375	2.342600
40400	1.389200
40425	2.271400
40450	1.419500
40475	2.425700
40500	1.440400
40525	2.223100
40550	1.304900
40575	2.320500
40600	1.417600
40625	2.410400
40650	1.558900
40675	2.335500
40700	1.351500
40725	2.260000
40750	1.343400
40775	2.320400
40800	1.282400
40825	2.363500
40850	1.437900
40875	2.181100
40900	1.286300
40925	2.351500
40950	1.520200
40975	2.289600
41000	1.347600
41025	2.343300
41050	1.393900
41075	2.393900
41100	1.585600
41125	2.286600
41150	1.424600
41175	2.324200
41200	1.505100
41225	2.420500
41250	1.456100
41275	2.349400
41300	1.400100
41325	2.373300
41350	1.421000
41375	2.337000
41400	1.393000
41425	2.192700
41450	1.408700
41475	2.394700
41500	1.288600
41525	2.356900
41550	1.379100
41575	2.336500
41600	1.397700
41625	2.351100
41650	1.323400
41675	2.395100
41700	1.432600
41725	2.263100
41750	1.261400
41775	2.409600
41800	1.371200
41825	2.279400
41850	1.258800
41875	2.372400
41900	1.421700
41925	2.355800
41950	1.695200
41975	2.356600
42000	1.556900
42025	2.349500
42050	1.292800
42075	2.428500
42100	1.459500
42125	2.378800
42150	1.419400
42175	2.287700
42200	1.337600
42225	2.298900
42250	1.364900
42275	2.347600
42300	1.391200
42325	2.216200
42350	1.352700
42375	2.237800
42400	1.403800
42425	2.378800
42450	1.481400
42475	2.344400
42500	1.297000
42525	2.334600
42550	1.355000
42575	2.417900
42600	1.292900
42625	2.138000
42650	1.371200
42675	2.406100
42700	1.485600
42725	2.273600
42750	1.302300
42775	2.265500
42800	1.517800
42825	2.268000
42850	1.438300
42875	2.340800
42900	1.548600
42925	2.196200
42950	1.265400
42975	2.303100
43000	1.549400
43025	2.345300
43050	1.495900
43075	2.420200
43100	1.403100
43125	2.460000
43150	1.639900
43175	2.311800
43200	1.430800
43225	2.343800
43250	1.373300
43275	2.373600
43300	1.562700
43325	2.270800
43350	1.565700
43375	2.248000
43400	1.430900
43425	2.350900
43450	1.529100
43475	2.312900
43500	1.371600
43525	2.246200
43550	1.339900
43575	2.430500
43600	1.529500
43625	2.257700
43650	1.444500
43675	2.281200
43700	1.535000
43725	2.324500
43750	1.426300
43775	2.377700
43800	1.643300
43825	2.334500
43850	1.335200
43875	2.231200
43900	1.424200
43925	2.284800
43950	1.345900
43975	2.392600
44000	1.446900
44025	2.322100
44050	1.483300
44075	2.323300
44100	1.361500
44125	2.392100
44150	1.447800
44175	2.393700
44200	1.646200
44225	2.197200
44250	1.416100
44275	2.391200
44300	1.555800
44325	2.389100
44350	1.445200
44375	2.378900
44400	1.388800
44425	2.439100
44450	1.329000
44475	2.264500
44500	1.267000
44525	2.267400
44550	1.399800
44575	2.327500
44600	1.503700
44625	2.368500
44650	1.481800
44675	2.276900
44700	1.259100
44725	2.315100
44750	1.452200
44775	2.311100
44800	1.338900
44825	2.382400
44850	1.385000
44875	2.320600
44900	1.516500
44925	2.320800
44950	1.466000
44975	2.275600
45000	1.345000
45025	2.352500
45050	1.394000
45075	2.363900
45100	1.444100
45125	2.323500
45150	1.527500
45175	2.319600
45200	1.348200
45225	2.342700
45250	1.344300
45275	2.405500
45300	1.529600
45325	2.310000
45350	1.384500
45375	2.265300
45400	1.275900
45425	2.283400
45450	1.346800
45475	2.334600
45500	1.471400
45525	2.328800
45550	1.428700
45575	2.356500
45600	1.432500
45625	2.332700
45650	1.319100
45675	2.386200
45700	1.461800
45725	2.400900
45750	1.436700
45775	2.393300
45800	1.370300
45825	2.391900
45850	1.324100
45875	2.359600
45900	1.475000
45925	2.299500
45950	1.561500
45975	2.384600
46000	1.483000
46025	2.282000
46050	1.300000
46075	2.435300
46100	1.414600
46125	2.308700
46150	1.549000
46175	2.305400
46200	1.237000
46225	2.301700
46250	1.448200
46275	2.420900
46300	1.535300
46325	2.261000
46350	1.360900
46375	2.378800
46400	1.542500
46425	2.255400
46450	1.329300
46475	2.194500
46500	1.352300
46525	2.364000
46550	1.536800
46575	2.293100
46600	1.439100
46625	2.373200
46650	1.448300
46675	2.303300
46700	1.370700
46725	2.398100
46750	1.435200
46775	2.448500
46800	1.557200
46825	2.361200
46850	1.514900
46875	2.241800
46900	1.371500
46925	2.347800
46950	1.584700
46975	2.349400
47000	1.489800
47025	2.229000
47050	1.229200
47075	2.469400
47100	1.488000
47125	2.371800
47150	1.479300
47175	2.332900
47200	1.515000
47225	2.333000
47250	1.458300
47275	2.453600
47300	1.452800
47325	2.284400
47350	1.452100
47375	2.339300
47400	1.518200
47425	2.325900
47450	1.374100
47475	2.301800
47500	1.430000
47525	2.323600
47550	1.330500
47575	2.486400
47600	1.454600
47625	2.375600
47650	1.460300
47675	2.404700
47700	1.611600
47725	2.354300
47750	1.381100
47775	2.198600
47800	1.391100
47825	2.329800
47850	1.315900
47875	2.294000
47900	1.580200
47925	2.442800
47950	1.384800
47975	2.501300
48000	1.667500
48025	2.323300
48050	1.464300
48075	2.340600
48100	1.406700
48125	2.273200
48150	1.522400
48175	2.363100
48200	1.569000
48225	2.389000
48250	1.461600
48275	2.311100
48300	1.315400
48325	2.367000
48350	1.513800
48375	2.338000
48400	1.435200
48425	2.351900
48450	1.464700
48475	2.389400
48500	1.346900
48525	2.423400
48550	1.583600
48575	2.264400
48600	1.456100
48625	2.346800
48650	1.382400
48675	2.348100
48700	1.420800
48725	2.319600
48750	1.383300
48775	2.376300
48800	1.369400
48825	2.388500
48850	1.498300
48875	2.364900
48900	1.288500
48925	2.373700
48950	1.520700
48975	2.268800
49000	1.315200
49025	2.311500
49050	1.376300
49075	2.311700
49100	1.418800
49125	2.339900
49150	1.323800
49175	2.375700
49200	1.467000
49225	2.282000
49250	1.478800
49275	2.381100
49300	1.278800
49325	2.278200
49350	1.311700
49375	2.265800
49400	1.234600
49425	2.324100
49450	1.556600
49475	2.433300
49500	1.560200
49525	2.330900
49550	1.440000
49575	2.328000
49600	1.438200
49625	2.308100
49650	1.485500
49675	2.341100
49700	1.409100
49725	2.364000
49750	1.393700
49775	2.361000
49800	1.409900
49825	2.369900
49850	1.520900
49875	2.250100
49900	1.507800
49925	2.235000
49950	1.356600
49975	2.366300
50000	1.201700
50025	2.262300
50050	1.420200
50075	2.222700
50100	1.441600
50125	2.229900
50150	1.431100
50175	2.295100
50200	1.542900
50225	2.377300
50250	1.458600
50275	2.314600
50300	1.368500
50325	2.286500
50350	1.511000
50375	2.322300
50400	1.477300
50425	2.388400
50450	1.588100
50475	2.383600
50500	1.484300
50525	2.328300
50550	1.416100
50575	2.363300
50600	1.391800
50625	2.293100
50650	1.442900
50675	2.369700
50700	1.486400
50725	2.273500
50750	1.476500
50775	2.282600
50800	1.403600
50825	2.365100
50850	1.383000
50875	2.297900
50900	1.370300
50925	2.293700
50950	1.420800
50975	2.283400
51000	1.386400
51025	2.377500
51050	1.484500
51075	2.289700
51100	1.523700
51125	2.290000
51150	1.533300
51175	2.384800
51200	1.509700
51225	2.265500
51250	1.306400
51275	2.295800
51300	1.487700
51325	2.452800
51350	1.474300
51375	2.337500
51400	1.435300
51425	2.306900
51450	1.371200
51475	2.308700
51500	1.519800
51525	2.345300
51550	1.377900
51575	2.245900
51600	1.285500
51625	2.368300
51650	1.601900
51675	2.225700
51700	1.289300
51725	2.367100
51750	1.240700
51775	2.222500
51800	1.444500
51825	2.405700
51850	1.395400
51875	2.256100
51900	1.398400
51925	2.340400
51950	1.476600
51975	2.357600
52000	1.552000
52025	2.325800
52050	1.551700
52075	2.170800
52100	1.217900
52125	2.361800
52150	1.329800
52175	2.352500
52200	1.376000
52225	2.289700
52250	1.520100
52275	2.275200
52300	1.439900
52325	2.439600
52350	1.483000
52375	2.330200
52400	1.367800
52425	2.300700
52450	1.390100
52475	2.259800
52500	1.414000
52525	2.346500
52550	1.382300
52575	2.222000
52600	1.307300
52625	2.352000
52650	1.518400
52675	2.295700
52700	1.481200
52725	2.383700
52750	1.550600
52775	2.340100
52800	1.372000
52825	2.268600
52850	1.281100
52875	2.421400
52900	1.521300
52925	2.359300
52950	1.429500
52975	2.378200
53000	1.516200
53025	2.313600
53050	1.334100
53075	2.348200
53100	1.594500
53125	2.381800
53150	1.481200
53175	2.278800
53200	1.588000
53225	2.306800
53250	1.348900
53275	2.329700
53300	1.275900
53325	2.279900
53350	1.397200
53375	2.450200
53400	1.421900
53425	2.270900
53450	1.453700
53475	2.274600
53500	1.287200
53525	2.264100
53550	1.389200
53575	2.331200
53600	1.431700
53625	2.343300
53650	1.416400
53675	2.349900
53700	1.405600
53725	2.376400
53750	1.462400
53775	2.366800
53800	1.493700
53825	2.290000
53850	1.372100
53875	2.245500
53900	1.407500
53925	2.247600
53950	1.279900
53975	2.360500
54000	1.357100
54025	2.409400
54050	1.469900
54075	2.318200
54100	1.342700
54125	2.288400
54150	1.537600
54175	2.337400
54200	1.474400
54225	2.249100
54250	1.393500
54275	2.344900
54300	1.408800
54325	2.357300
54350	1.567500
54375	2.312900
54400	1.590800
54425	2.239000
54450	1.296500
54475	2.197700
54500	1.359700
54525	2.352900
54550	1.426000
54575	2.395700
54600	1.445400
54625	2.422900
54650	1.448800
54675	2.284300
54700	1.343900
54725	2.341300
54750	1.469100
54775	2.314700
54800	1.437000
54825	2.341700
54850	1.239900
54875	2.241300
54900	1.511300
54925	2.241200
54950	1.466600
54975	2.346800
55000	1.366400
55025	2.290600
55050	1.331200
55075	2.421400
55100	1.524400
55125	2.346600
55150	1.539200
55175	2.285000
55200	1.343500
55225	2.366100
55250	1.438800
55275	2.339900
55300	1.459800
55325	2.347600
55350	1.301100
55375	2.349200
55400	1.477600
55425	2.232400
55450	1.311900
55475	2.359000
55500	1.276700
55525	2.382500
55550	1.299100
55575	2.293200
55600	1.422600
55625	2.307100
55650	1.454400
55675	2.297300
55700	1.470200
55725	2.193500
55750	1.293600
55775	2.307300
55800	1.289200
55825	2.340200
55850	1.468600
55875	2.273100
55900	1.450300
55925	2.313200
55950	1.424600
55975	2.301100
56000	1.520900
56025	2.297800
56050	1.452800
56075	2.297100
56100	1.452000
56125	2.343100
56150	1.512200
56175	2.341900
56200	1.513000
56225	2.399200
56250	1.492100
56275	2.390600
56300	1.483000
56325	2.296200
56350	1.343300
56375	2.310600
56400	1.367600
56425	2.350700
56450	1.440300
56475	2.373500
56500	1.351800
56525	2.300900
56550	1.341700
56575	2.384800
56600	1.224100
56625	2.277700
56650	1.278600
56675	2.320300
56700	1.476300
56725	2.378700
56750	1.356500
56775	2.322800
56800	1.502400
56825	2.203600
56850	1.347900
56875	2.264100
56900	1.518900
56925	2.389200
56950	1.538400
56975	2.288400
57000	1.364300
57025	2.335500
57050	1.344200
57075	2.334600
57100	1.520800
57125	2.236400
57150	1.480800
57175	2.408300
57200	1.484400
57225	2.353500
57250	1.516400
57275	2.447700
57300	1.516000
57325	2.279700
57350	1.416600
57375	2.335100
57400	1.449000
57425	2.186800
57450	1.394000
57475	2.432000
57500	1.441300
57525	2.317600
57550	1.504500
57575	2.372700
57600	1.349300
57625	2.402000
57650	1.540600
57675	2.387600
57700	1.315200
57725	2.347500
57750	1.386100
57775	2.299000
57800	1.410600
57825	2.278900
57850	1.295200
57875	2.355000
57900	1.391700
57925	2.360600
57950	1.445600
57975	2.231300
58000	1.340300
58025	2.340800
58050	1.381100
58075	2.219200
58100	1.361800
58125	2.279400
58150	1.412800
58175	2.276500
58200	1.405100
58225	2.250700
58250	1.397100
58275	2.365500
58300	1.435100
58325	2.243100
58350	1.398100
58375	2.360200
58400	1.560700
58425	2.278400
58450	1.366500
58475	2.215300
58500	1.396200
58525	2.284300
58550	1.497800
58575	2.374200
58600	1.419300
58625	2.218700
58650	1.308700
58675	2.383600
58700	1.290500
58725	2.232300
58750	1.350700
58775	2.342000
58800	1.262600
58825	2.276600
58850	1.352000
58875	2.325600
58900	1.359300
58925	2.355900
58950	1.458600
58975	2.323600
59000	1.490400
59025	2.460700
59050	1.406700
59075	2.328800
59100	1.554500
59125	2.414700
59150	1.471200
59175	2.215200
59200	1.345100
59225	2.309800
59250	1.509900
59275	2.278600
59300	1.419900
59325	2.256900
59350	1.434900
59375	2.466500
59400	1.544200
59425	2.333300
59450	1.407500
59475	2.337000
59500	1.381700
59525	2.325500
59550	1.503800
59575	2.447300
59600	1.445700
59625	2.348300
59650	1.367900
59675	2.235100
59700	1.313300
59725	2.373300
59750	1.546100
59775	2.399100
59800	1.477200
59825	2.334200
59850	1.433100
59875	2.442300
59900	1.536400
59925	2.326700
59950	1.475200
59975	2.264400
60000	1.390500
60025	2.298400
60050	1.400400
60075	2.258600
60100	1.340900
60125	2.369800
60150	1.590200
60175	2.417400
60200	1.546600
60225	2.365100
60250	1.361200
60275	2.231600
60300	1.310300
60325	2.394800
60350	1.403000
60375	2.443300
60400	1.453400
60425	2.251500
60450	1.335000
60475	2.294200
60500	1.366700
60525	2.348300
60550	1.342300
60575	2.387200
60600	1.471900
60625	2.310400
60650	1.194200
60675	2.245600
60700	1.428300
60725	2.279000
60750	1.408100
60775	2.419900
60800	1.269400
60825	2.354000
60850	1.468300
60875	2.304400
60900	1.471800
60925	2.368100
60950	1.383300
60975	2.343800
61000	1.487600
61025	2.315700
61050	1.377700
61075	2.334400
61100	1.335300
61125	2.406300
61150	1.374500
61175	2.369800
61200	1.470200
61225	2.229200
61250	1.342300
61275	2.205900
61300	1.284900
61325	2.380500
61350	1.460600
61375	2.184300
61400	1.290100
61425	2.248000
61450	1.435800
61475	2.296900
61500	1.552300
61525	2.312700
61550	1.418500
61575	2.308800
61600	1.520300
61625	2.284500
61650	1.396200
61675	2.260600
61700	1.287700
61725	2.217100
61750	1.278200
61775	2.333700
61800	1.464300
61825	2.229300
61850	1.414400
61875	2.318300
61900	1.374900
61925	2.390200
61950	1.470800
61975	2.328400
62000	1.470600
62025	2.297000
62050	1.299000
62075	2.373400
62100	1.523200
62125	2.371300
62150	1.366100
62175	2.357200
62200	1.464000
62225	2.272300
62250	1.369900
62275	2.316600
62300	1.358900
62325	2.227500
62350	1.225200
62375	2.371600
62400	1.354100
62425	2.276500
62450	1.310700
62475	2.344700
62500	1.425800
62525	2.240900
62550	1.413300
62575	2.218300
62600	1.466200
62625	2.189100
62650	1.416900
62675	2.340500
62700	1.503900
62725	2.340900
62750	1.404900
62775	2.269400
62800	1.423400
62825	2.317900
62850	1.388700
62875	2.317800
62900	1.442800
62925	2.308200
62950	1.383900
62975	2.404400
63000	1.509400
63025	2.301100
63050	1.429300
63075	2.285400
63100	1.464400
63125	2.433700
63150	1.391700
63175	2.272500
63200	1.369300
63225	2.343600
63250	1.490500
63275	2.281400
63300	1.358200
63325	2.299000
63350	1.436300
63375	2.336500
63400	1.361200
63425	2.257100
63450	1.299200
63475	2.332800
63500	1.465900
63525	2.373400
63550	1.384000
63575	2.288400
63600	1.332000
63625	2.395600
63650	1.536100
63675	2.217200
63700	1.463200
63725	2.314900
63750	1.474600
63775	2.210000
63800	1.249600
63825	2.288800
63850	1.264700
63875	2.358400
63900	1.545300
63925	2.246800
63950	1.361800
63975	2.202600
64000	1.406300
64025	2.405100
64050	1.512300
64075	2.289800
64100	1.482700
64125	2.322300
64150	1.356700
64175	2.357100
64200	1.528100
64225	2.270000
64250	1.424300
64275	2.338200
64300	1.409900
64325	2.312500
64350	1.305300
64375	2.372400
64400	1.294900
64425	2.449100
64450	1.358900
64475	2.315000
64500	1.309600
64525	2.331800
64550	1.226400
64575	2.331500
64600	1.443100
64625	2.292800
64650	1.515500
64675	2.277400
64700	1.457800
64725	2.318500
64750	1.393100
64775	2.354200
64800	1.300300
64825	2.292400
64850	1.239900
64875	2.384700
64900	1.498200
64925	2.257600
64950	1.453600
64975	2.353600
65000	1.503500
65025	2.399500
65050	1.502100
65075	2.309900
65100	1.439700
65125	2.356000
65150	1.540400
65175	2.400500
65200	1.295100
65225	2.324500
65250	1.328200
65275	2.366300
65300	1.457200
65325	2.316900
65350	1.510800
65375	2.268300
65400	1.494600
65425	2.263600
65450	1.298500
65475	2.303100
65500	1.358000
65525	2.470400
65550	1.422600
65575	2.379000
65600	1.374500
65625	2.221800
65650	1.251800
65675	2.296800
65700	1.604400
65725	2.323700
65750	1.616500
65775	2.375300
65800	1.341700
65825	2.423300
65850	1.467800
65875	2.335300
65900	1.485600
65925	2.295100
65950	1.260000
65975	2.361500
66000	1.427800
66025	2.261800
66050	1.284500
66075	2.354700
66100	1.356600
66125	2.290100
66150	1.544900
66175	2.368400
66200	1.432200
66225	2.337000
66250	1.537300
66275	2.352500
66300	1.418200
66325	2.311700
66350	1.480000
66375	2.267100
66400	1.464000
66425	2.374500
66450	1.302200
66475	2.379500
66500	1.293700
66525	2.468000
66550	1.615900
66575	2.265000
66600	1.372900
66625	2.261800
66650	1.372000
66675	2.232000
66700	1.323200
66725	2.308900
66750	1.537100
66775	2.325000
66800	1.340400
66825	2.257200
66850	1.530600
66875	2.321500
66900	1.415700
66925	2.219700
66950	1.424400
66975	2.313900
67000	1.348300
67025	2.293700
67050	1.468100
67075	2.335400
67100	1.417500
67125	2.267800
67150	1.529400
67175	2.253400
67200	1.297500
67225	2.332100
67250	1.391800
67275	2.308200
67300	1.549600
67325	2.298600
67350	1.332100
67375	2.394500
67400	1.392100
67425	2.321100
67450	1.507100
67475	2.222100
67500	1.307100
67525	2.296600
67550	1.517300
67575	2.280400
67600	1.458900
67625	2.244200
67650	1.355500
67675	2.360100
67700	1.440700
67725	2.381200
67750	1.348500
67775	2.254700
67800	1.312900
67825	2.444100
67850	1.466100
67875	2.403400
67900	1.508100
67925	2.253800
67950	1.562900
67975	2.283200
68000	1.417400
68025	2.235600
68050	1.371100
68075	2.225100
68100	1.518700
68125	2.323200
68150	1.399700
68175	2.239900
68200	1.424600
68225	2.272200
68250	1.302000
68275	2.414100
68300	1.519300
68325	2.256800
68350	1.392600
68375	2.220700
68400	1.275300
68425	2.326700
68450	1.330300
68475	2.427000
68500	1.505200
68525	2.440600
68550	1.396500
68575	2.297200
68600	1.449400
68625	2.316600
68650	1.547800
68675	2.296300
68700	1.548400
68725	2.333100
68750	1.495900
68775	2.365400
68800	1.475900
68825	2.278500
68850	1.436900
68875	2.277200
68900	1.282700
68925	2.273800
68950	1.351700
68975	2.431900
69000	1.497200
69025	2.292600
69050	1.461800
69075	2.290100
69100	1.391000
69125	2.230000
69150	1.418300
69175	2.305600
69200	1.480000
69225	2.406900
69250	1.445800
69275	2.255700
69300	1.418700
69325	2.464200
69350	1.469500
69375	2.331600
69400	1.479900
69425	2.186600
69450	1.438700
69475	2.348200
69500	1.495500
69525	2.303800
69550	1.316500
69575	2.278000
69600	1.451600
69625	2.308700
69650	1.336200
69675	2.332600
69700	1.645000
69725	2.336700
69750	1.448900
69775	2.416200
69800	1.513200
69825	2.356800
69850	1.415800
69875	2.319900
69900	1.335000
69925	2.359600
69950	1.538100
69975	2.341200
70000	1.446500
70025	2.188200
70050	1.307400
70075	2.340500
70100	1.364700
70125	2.325700
70150	1.424700
70175	2.342400
70200	1.454200
70225	2.286400
70250	1.329500
70275	2.470500
70300	1.292600
70325	2.430400
70350	1.487000
70375	2.294200
70400	1.386500
70425	2.266900
70450	1.426900
70475	2.156900
70500	1.260800
70525	2.260300
70550	1.367500
70575	2.371400
70600	1.535100
70625	2.291700
70650	1.572700
70675	2.372000
70700	1.488800
70725	2.333300
70750	1.359000
70775	2.221400
70800	1.259000
70825	2.266600
70850	1.485900
70875	2.248100
70900	1.328300
70925	2.339700
70950	1.295400
70975	2.225300
71000	1.394100
71025	2.407600
71050	1.532600
71075	2.328300
71100	1.430400
71125	2.362000
71150	1.532300
71175	2.358500
71200	1.506500
71225	2.404600
71250	1.424700
71275	2.218500
71300	1.463600
71325	2.287600
71350	1.496700
71375	2.323800
71400	1.409000
71425	2.382700
71450	1.441200
71475	2.358500
71500	1.381800
71525	2.360400
71550	1.527900
71575	2.260100
71600	1.573300
71625	2.365500
71650	1.337600
71675	2.294500
71700	1.480700
71725	2.334400
71750	1.414300
71775	2.284900
71800	1.387500
71825	2.379500
71850	1.411600
71875	2.363000
71900	1.409800
71925	2.252400
71950	1.268600
71975	2.271500
72000	1.415000
72025	2.256900
72050	1.412600
72075	2.226100
72100	1.285800
72125	2.304200
72150	1.332300
72175	2.331100
72200	1.475000
72225	2.247800
72250	1.387800
72275	2.414300
72300	1.352800
72325	2.250800
72350	1.242800
72375	2.324600
72400	1.421100
72425	2.207400
72450	1.298300
72475	2.372900
72500	1.434100
72525	2.338700
72550	1.473100
72575	2.387500
72600	1.554300
72625	2.157600
72650	1.367000
72675	2.353300
72700	1.311400
72725	2.370800
72750	1.455100
72775	2.343400
72800	1.298500
72825	2.431300
72850	1.428800
72875	2.358200
72900	1.422000
72925	2.339100
72950	1.499600
72975	2.284700
73000	1.360600
73025	2.337200
73050	1.468000
73075	2.225300
73100	1.352500
73125	2.286000
73150	1.491700
73175	2.400700
73200	1.450500
73225	2.293500
73250	1.363300
73275	2.299000
73300	1.378200
73325	2.421300
73350	1.520100
73375	2.223800
73400	1.395700
73425	2.329500
73450	1.505800
73475	2.263800
73500	1.378600
73525	2.298100
73550	1.321400
73575	2.253900
73600	1.387600
73625	2.301000
73650	1.337000
73675	2.435100
73700	1.386500
73725	2.338500
73750	1.470300
73775	2.434600
73800	1.493200
73825	2.374700
73850	1.352900
73875	2.325300
73900	1.238400
73925	2.231500
73950	1.379100
73975	2.333900
74000	1.410000
74025	2.331000
74050	1.325200
74075	2.299300
74100	1.367200
74125	2.307100
74150	1.305400
74175	2.253900
74200	1.443800
74225	2.277700
74250	1.433800
74275	2.336800
74300	1.493000
74325	2.285900
74350	1.376000
74375	2.243600
74400	1.401000
74425	2.403900
74450	1.495700
74475	2.228000
74500	1.402000
74525	2.244100
74550	1.363600
74575	2.308400
74600	1.401600
74625	2.236400
74650	1.343700
74675	2.289600
74700	1.436200
74725	2.302100
74750	1.378200
74775	2.318700
74800	1.485900
74825	2.254100
74850	1.329600
74875	2.428800
74900	1.513100
74925	2.347500
74950	1.339500
74975	2.396100
75000	1.437900
75025	2.293200
75050	1.396100
75075	2.242100
75100	1.406500
75125	2.290100
75150	1.424800
75175	2.275800
75200	1.638500
75225	2.272900
75250	1.411000
75275	2.215600
75300	1.361600
75325	2.215700
75350	1.543500
75375	2.239400
75400	1.308500
75425	2.328500
75450	1.353600
75475	2.364200
75500	1.571000
75525	2.215100
75550	1.404600
75575	2.205900
75600	1.400700
75625	2.325600
75650	1.419000
75675	2.304700
75700	1.468400
75725	2.295800
75750	1.319800
75775	2.318600
75800	1.367500
75825	2.394700
75850	1.486800
75875	2.403000
75900	1.485700
75925	2.422100
75950	1.373000
75975	2.277200
76000	1.294200
76025	2.418300
76050	1.455500
76075	2.349300
76100	1.370100
76125	2.280200
76150	1.349400
76175	2.347900
76200	1.389200
76225	2.337200
76250	1.514600
76275	2.367600
76300	1.388300
76325	2.322100
76350	1.393100
76375	2.267700
76400	1.475100
76425	2.344400
76450	1.479300
76475	2.363800
76500	1.518000
76525	2.369700
76550	1.441900
76575	2.159900
76600	1.245400
76625	2.364900
76650	1.508700
76675	2.242700
76700	1.349800
76725	2.340000
76750	1.505400
76775	2.357900
76800	1.401300
76825	2.359000
76850	1.433000
76875	2.315700
76900	1.398700
76925	2.270800
76950	1.356300
76975	2.299200
77000	1.363100
77025	2.269200
77050	1.294600
77075	2.312000
77100	1.566500
77125	2.289600
77150	1.409300
77175	2.282000
77200	1.425800
77225	2.350100
77250	1.474100
77275	2.233500
77300	1.248800
77325	2.317000
77350	1.507100
77375	2.281400
77400	1.446400
77425	2.261300
77450	1.419500
77475	2.432400
77500	1.503500
77525	2.310800
77550	1.521300
77575	2.308600
77600	1.412100
77625	2.284300
77650	1.093800
77675	2.247700
77700	1.252900
77725	2.341800
77750	1.399200
77775	2.327600
77800	1.452800
77825	2.355000
77850	1.342400
77875	2.336400
77900	1.378700
77925	2.296100
77950	1.475000
77975	2.265400
78000	1.264200
78025	2.284500
78050	1.434600
78075	2.251700
78100	1.421100
78125	2.386300
78150	1.483900
78175	2.234900
78200	1.306100
78225	2.340300
78250	1.488800
78275	2.227100
78300	1.432400
78325	2.263500
78350	1.405900
78375	2.273300
78400	1.424600
78425	2.258600
78450	1.394400
78475	2.151100
78500	1.321400
78525	2.219900
78550	1.214300
78575	2.392300
78600	1.361400
78625	2.306100
78650	1.456100
78675	2.364100
78700	1.477600
78725	2.395500
78750	1.481800
78775	2.270800
78800	1.448900
78825	2.366700
78850	1.351600
78875	2.274900
78900	1.445000
78925	2.265100
78950	1.417200
78975	2.282200
79000	1.299000
79025	2.370600
79050	1.434300
79075	2.295700
79100	1.480100
79125	2.243800
79150	1.276600
79175	2.345400
79200	1.492400
79225	2.301600
79250	1.392500
79275	2.369500
79300	1.410500
79325	2.329100
79350	1.397900
79375	2.292200
79400	1.287000
79425	2.288900
79450	1.447700
79475	2.285500
79500	1.368800
79525	2.269400
79550	1.361200
79575	2.403400
79600	1.557200
79625	2.213200
79650	1.260700
79675	2.280800
79700	1.392800
79725	2.287400
79750	1.421000
79775	2.369500
79800	1.439400
79825	2.281400
79850	1.362700
79875	2.216300
79900	1.388700
79925	2.385300
79950	1.441000
79975	2.355900
80000	1.401100
80025	2.277600
80050	1.394200
80075	2.353500
80100	1.394800
80125	2.360700
80150	1.368500
80175	2.236700