Step	Training Loss
25	2.962300
50	3.838400
75	3.049100
100	3.626900
125	2.793800
150	3.105000
175	2.407000
200	2.246800
225	2.055100
250	1.717200
275	1.887300
300	1.595000
325	1.758600
350	1.500300
375	1.776800
400	1.451800
425	1.751500
450	1.427600
475	1.696500
500	1.401300
525	1.760500
550	1.436100
575	1.742000
600	1.432700
625	1.732900
650	1.422900
675	1.693100
700	1.412200
725	1.769400
750	1.465500
775	1.693600
800	1.424800
825	1.755100
850	1.362200
875	1.758000
900	1.424000
925	1.679700
950	1.390000
975	1.708700
1000	1.439900
1025	1.678000
1050	1.377500
1075	1.723900
1100	1.413800
1125	1.670000
1150	1.402800
1175	1.734300
1200	1.382800
1225	1.731600
1250	1.352000
1275	1.699600
1300	1.369800
1325	1.693700
1350	1.387600
1375	1.671300
1400	1.313900
1425	1.734000
1450	1.428300
1475	1.711500
1500	1.347500
1525	1.672600
1550	1.402800
1575	1.668900
1600	1.509700
1625	1.746200
1650	1.379400
1675	1.663100
1700	1.339100
1725	1.687800
1750	1.430200
1775	1.700700
1800	1.269800
1825	1.699300
1850	1.408700
1875	1.694800
1900	1.381100
1925	1.711200
1950	1.388700
1975	1.710400
2000	1.265000
2025	1.642200
2050	1.352700
2075	1.713600
2100	1.405300
2125	1.682700
2150	1.343900
2175	1.678400
2200	1.324000
2225	1.679300
2250	1.402500
2275	1.680200
2300	1.413800
2325	1.640200
2350	1.433100
2375	1.672300
2400	1.332500
2425	1.700200
2450	1.362200
2475	1.649400
2500	1.331500
2525	1.639800
2550	1.334800
2575	1.678200
2600	1.408800
2625	1.731300
2650	1.332700
2675	1.722800
2700	1.372500
2725	1.743200
2750	1.413500
2775	1.686500
2800	1.330200
2825	1.708600
2850	1.332200
2875	1.704300
2900	1.338600
2925	1.640600
2950	1.362600
2975	1.701400
3000	1.346900
3025	1.660600
3050	1.321100
3075	1.649400
3100	1.330000
3125	1.726600
3150	1.316900
3175	1.653200
3200	1.335300
3225	1.676200
3250	1.337500
3275	1.694000
3300	1.341400
3325	1.696700
3350	1.394000
3375	1.665800
3400	1.293200
3425	1.651800
3450	1.330600
3475	1.695300
3500	1.349800
3525	1.665300
3550	1.378300
3575	1.662400
3600	1.327600
3625	1.726400
3650	1.332200
3675	1.706300
3700	1.374400
3725	1.649700
3750	1.297100
3775	1.672100
3800	1.304300
3825	1.706200
3850	1.339700
3875	1.646200
3900	1.322800
3925	1.634300
3950	1.328300
3975	1.627100
4000	1.368400
4025	1.677500
4050	1.324600
4075	1.706300
4100	1.329700
4125	1.650600
4150	1.358400
4175	1.716600
4200	1.301500
4225	1.650600
4250	1.376200
4275	1.635600
4300	1.332000
4325	1.665300
4350	1.281600
4375	1.633200
4400	1.345000
4425	1.637300
4450	1.411200
4475	1.662700
4500	1.346400
4525	1.684200
4550	1.382300
4575	1.649700
4600	1.290100
4625	1.672700
4650	1.299700
4675	1.637200
4700	1.364700
4725	1.649400
4750	1.311000
4775	1.643200
4800	1.312900
4825	1.651800
4850	1.359700
4875	1.638900
4900	1.296100
4925	1.722600
4950	1.354900
4975	1.617900
5000	1.294900
5025	1.681000
5050	1.359500
5075	1.632100
5100	1.330300
5125	1.682400
5150	1.355200
5175	1.716300
5200	1.363700
5225	1.695600
5250	1.370200
5275	1.660100
5300	1.307200
5325	1.658400
5350	1.294800
5375	1.668000
5400	1.304400
5425	1.643200
5450	1.373000
5475	1.634400
5500	1.305700
5525	1.645800
5550	1.292300
5575	1.665000
5600	1.276100
5625	1.703900
5650	1.378500
5675	1.661100
5700	1.364000
5725	1.608800
5750	1.242600
5775	1.650600
5800	1.320400
5825	1.668500
5850	1.376500
5875	1.710900
5900	1.310700
5925	1.661200
5950	1.339700
5975	1.665500
6000	1.319100
6025	1.668600
6050	1.334800
6075	1.711400
6100	1.307900
6125	1.668500
6150	1.390300
6175	1.644500
6200	1.251500
6225	1.616000
6250	1.290000
6275	1.629400
6300	1.313900
6325	1.675500
6350	1.369800
6375	1.678600
6400	1.377300
6425	1.696700
6450	1.339200
6475	1.672800
6500	1.303900
6525	1.676300
6550	1.275700
6575	1.707500
6600	1.375900
6625	1.675200
6650	1.397200
6675	1.653900
6700	1.357900
6725	1.663500
6750	1.306900
6775	1.617100
6800	1.307600
6825	1.617700
6850	1.334900
6875	1.630400
6900	1.285200
6925	1.631800
6950	1.339600
6975	1.639800
7000	1.338900
7025	1.716100
7050	1.287900
7075	1.662300
7100	1.301500
7125	1.630200
7150	1.330700
7175	1.667400
7200	1.343700
7225	1.686000
7250	1.381200
7275	1.630500
7300	1.337900
7325	1.630300
7350	1.323800
7375	1.641700
7400	1.317100
7425	1.637700
7450	1.323400
7475	1.657600
7500	1.323400
7525	1.657700
7550	1.272300
7575	1.648000
7600	1.285800
7625	1.645700
7650	1.261900
7675	1.650700
7700	1.327000
7725	1.644200
7750	1.314600
7775	1.663500
7800	1.341400
7825	1.639200
7850	1.286100
7875	1.641000
7900	1.286400
7925	1.655200
7950	1.274400
7975	1.638200
8000	1.289200
8025	1.612600
8050	1.331600
8075	1.669100
8100	1.355200
8125	1.645400
8150	1.337200
8175	1.682700
8200	1.323500
8225	1.625000
8250	1.340600
8275	1.691800
8300	1.357600
8325	1.708300
8350	1.375200
8375	1.596900
8400	1.320600
8425	1.650600
8450	1.324600
8475	1.708200
8500	1.331600
8525	1.671100
8550	1.310800
8575	1.679700
8600	1.278800
8625	1.684200
8650	1.383400
8675	1.621000
8700	1.330500
8725	1.616200
8750	1.368300
8775	1.662200
8800	1.394300
8825	1.592600
8850	1.298900
8875	1.694500
8900	1.401100
8925	1.664700
8950	1.304600
8975	1.637200
9000	1.237800
9025	1.645500
9050	1.338900
9075	1.687300
9100	1.319100
9125	1.618100
9150	1.279400
9175	1.609300
9200	1.342100
9225	1.662000
9250	1.362600
9275	1.609100
9300	1.356700
9325	1.613300
9350	1.243700
9375	1.633100
9400	1.310000
9425	1.614000
9450	1.353700
9475	1.606900
9500	1.336900
9525	1.655600
9550	1.322900
9575	1.680800
9600	1.358400
9625	1.663000
9650	1.324600
9675	1.639700
9700	1.382000
9725	1.644200
9750	1.245200
9775	1.683700
9800	1.264300
9825	1.672100
9850	1.341400
9875	1.605000
9900	1.273300
9925	1.643700
9950	1.356200
9975	1.657100
10000	1.298300
10025	1.628800
10050	1.334900
10075	1.705000
10100	1.420000
10125	1.664200
10150	1.389400
10175	1.648100
10200	1.256100
10225	1.603400
10250	1.300800
10275	1.637800
10300	1.306000
10325	1.655300
10350	1.298300
10375	1.636100
10400	1.273300
10425	1.632300
10450	1.292600
10475	1.616500
10500	1.345200
10525	1.596700
10550	1.368700
10575	1.644100
10600	1.264700
10625	1.661200
10650	1.311000
10675	1.604200
10700	1.286000
10725	1.611000
10750	1.264300
10775	1.687700
10800	1.332800
10825	1.666200
10850	1.355900
10875	1.672100
10900	1.326900
10925	1.646600
10950	1.336000
10975	1.598000
11000	1.252100
11025	1.644900
11050	1.381700
11075	1.679200
11100	1.324400
11125	1.643300
11150	1.322200
11175	1.672800
11200	1.302700
11225	1.657700
11250	1.294300
11275	1.611500
11300	1.328500
11325	1.650800
11350	1.336500
11375	1.675300
11400	1.314800
11425	1.620000
11450	1.332500
11475	1.622800
11500	1.270100
11525	1.614300
11550	1.305800
11575	1.556300
11600	1.338400
11625	1.649000
11650	1.211400
11675	1.597900
11700	1.340700
11725	1.606800
11750	1.355200
11775	1.681900
11800	1.381300
11825	1.607100
11850	1.306500
11875	1.663800
11900	1.307400
11925	1.612200
11950	1.328300
11975	1.609800
12000	1.363200
12025	1.641300
12050	1.373700
12075	1.638700
12100	1.263600
12125	1.642100
12150	1.293400
12175	1.637500
12200	1.264400
12225	1.677200
12250	1.313600
12275	1.669400
12300	1.391300
12325	1.625700
12350	1.292500
12375	1.664400
12400	1.324900
12425	1.653900
12450	1.337100
12475	1.643600
12500	1.312000
12525	1.668700
12550	1.337600
12575	1.646500
12600	1.255300
12625	1.648900
12650	1.336800
12675	1.621300
12700	1.329400
12725	1.663600
12750	1.409900
12775	1.635800
12800	1.341400
12825	1.601600
12850	1.266700
12875	1.655800
12900	1.342400
12925	1.679800
12950	1.292200
12975	1.665200
13000	1.321400
13025	1.702000
13050	1.285800
13075	1.626700
13100	1.382100
13125	1.623100
13150	1.241800
13175	1.656300
13200	1.337600
13225	1.607600
13250	1.327600
13275	1.613000
13300	1.340500
13325	1.608800
13350	1.317500
13375	1.659700
13400	1.204600
13425	1.606800
13450	1.332300
13475	1.660900
13500	1.332700
13525	1.671100
13550	1.364200
13575	1.630500
13600	1.305600
13625	1.579400
13650	1.349900
13675	1.638100
13700	1.340000
13725	1.663800
13750	1.320900
13775	1.619500
13800	1.288900
13825	1.605900
13850	1.272400
13875	1.655700
13900	1.380000
13925	1.668900
13950	1.325800
13975	1.690500
14000	1.293100
14025	1.627300
14050	1.261900
14075	1.588500
14100	1.267400
14125	1.621800
14150	1.338500
14175	1.667200
14200	1.259900
14225	1.643600
14250	1.302600
14275	1.640600
14300	1.291700
14325	1.606000
14350	1.364100
14375	1.690700
14400	1.349100
14425	1.610300
14450	1.293100
14475	1.659300
14500	1.303500
14525	1.608700
14550	1.334200
14575	1.710700
14600	1.280000
14625	1.604700
14650	1.284400
14675	1.619900
14700	1.245400
14725	1.643500
14750	1.296900
14775	1.638600
14800	1.329300
14825	1.631700
14850	1.312300
14875	1.615600
14900	1.274400
14925	1.650700
14950	1.281300
14975	1.643600
15000	1.335700
15025	1.694900
15050	1.269300
15075	1.655300
15100	1.303600
15125	1.591400
15150	1.335800
15175	1.593500
15200	1.290700
15225	1.663900
15250	1.328500
15275	1.680400
15300	1.282900
15325	1.617700
15350	1.276600
15375	1.651700
15400	1.293300
15425	1.657400
15450	1.244300
15475	1.634700
15500	1.331600
15525	1.620000
15550	1.299700
15575	1.673200
15600	1.275000
15625	1.633400
15650	1.321800
15675	1.683400
15700	1.299000
15725	1.625000
15750	1.231500
15775	1.585900
15800	1.281200
15825	1.643900
15850	1.289900
15875	1.614900
15900	1.325800
15925	1.637800
15950	1.312500
15975	1.600000
16000	1.193800
16025	1.631400
16050	1.260300
16075	1.613900
16100	1.280000
16125	1.622400
16150	1.312100
16175	1.566600
16200	1.270900
16225	1.632600
16250	1.302700
16275	1.637500
16300	1.259100
16325	1.593600
16350	1.233600
16375	1.609400
16400	1.237400
16425	1.653200
16450	1.271000
16475	1.603700
16500	1.275300
16525	1.671700
16550	1.274100
16575	1.662400
16600	1.235100
16625	1.618200
16650	1.283100
16675	1.586700
16700	1.232700
16725	1.602800
16750	1.301800
16775	1.613900
16800	1.330300
16825	1.617600
16850	1.255300
16875	1.612000
16900	1.319000
16925	1.626300
16950	1.284100
16975	1.615600
17000	1.280500
17025	1.649800
17050	1.309300
17075	1.629000
17100	1.279000
17125	1.633300
17150	1.332600
17175	1.602700
17200	1.256600
17225	1.621500
17250	1.258900
17275	1.637600
17300	1.275300
17325	1.645500
17350	1.287000
17375	1.622300
17400	1.338500
17425	1.667000
17450	1.268800
17475	1.639200
17500	1.346900
17525	1.615000
17550	1.292500
17575	1.689300
17600	1.213800
17625	1.627000
17650	1.272400
17675	1.631500
17700	1.309500
17725	1.598300
17750	1.256500
17775	1.666900
17800	1.295600
17825	1.637300
17850	1.253100
17875	1.651100
17900	1.256500
17925	1.591500
17950	1.218000
17975	1.628200
18000	1.328900
18025	1.613300
18050	1.285400
18075	1.674700
18100	1.329200
18125	1.667400
18150	1.232700
18175	1.657000
18200	1.298300
18225	1.677700
18250	1.262800
18275	1.641200
18300	1.262800
18325	1.615300
18350	1.331700
18375	1.695200
18400	1.334300
18425	1.587200
18450	1.264200
18475	1.588700
18500	1.305700
18525	1.694700
18550	1.288200
18575	1.626000
18600	1.298500
18625	1.660200
18650	1.352000
18675	1.627500
18700	1.323900
18725	1.585800
18750	1.316600
18775	1.577300
18800	1.302000
18825	1.601600
18850	1.154300
18875	1.585800
18900	1.244100
18925	1.616400
18950	1.284200
18975	1.605900
19000	1.246700
19025	1.623000
19050	1.253800
19075	1.676200
19100	1.298500
19125	1.625400
19150	1.314500
19175	1.582300
19200	1.314800
19225	1.580200
19250	1.240200
19275	1.639100
19300	1.270300
19325	1.646500
19350	1.290200
19375	1.578300
19400	1.279400
19425	1.614500
19450	1.216500
19475	1.585900
19500	1.256900
19525	1.641200
19550	1.249500
19575	1.601200
19600	1.251500
19625	1.637900
19650	1.276900
19675	1.601500
19700	1.322900
19725	1.641400
19750	1.289500
19775	1.686100
19800	1.286100
19825	1.657500
19850	1.346100
19875	1.577600
19900	1.294200
19925	1.600700
19950	1.279000
19975	1.636300
20000	1.377300
20025	1.624800
20050	1.277300
20075	1.574500
20100	1.253500
20125	1.619600
20150	1.288300
20175	1.677500
20200	1.212700
20225	1.640600
20250	1.321700
20275	1.574000
20300	1.248600
20325	1.625900
20350	1.236600
20375	1.675200
20400	1.352400
20425	1.606800
20450	1.377800
20475	1.616500
20500	1.289400
20525	1.667700
20550	1.313000
20575	1.566300
20600	1.253100
20625	1.633000
20650	1.223400
20675	1.647400
20700	1.248900
20725	1.609000
20750	1.260700
20775	1.651300
20800	1.336800
20825	1.635700
20850	1.262600
20875	1.574000
20900	1.308500
20925	1.605500
20950	1.289700
20975	1.621500
21000	1.319100
21025	1.641900
21050	1.363800
21075	1.588000
21100	1.319400
21125	1.612700
21150	1.284400
21175	1.629200
21200	1.245900
21225	1.619500
21250	1.295500
21275	1.626800
21300	1.313900
21325	1.579100
21350	1.244400
21375	1.611900
21400	1.296200
21425	1.563100
21450	1.264400
21475	1.618700
21500	1.299100
21525	1.605300
21550	1.350400
21575	1.632200
21600	1.306400
21625	1.669300
21650	1.296600
21675	1.570400
21700	1.239800
21725	1.667600
21750	1.284000
21775	1.583600
21800	1.229100
21825	1.544400
21850	1.173400
21875	1.630500
21900	1.222500
21925	1.631400
21950	1.300800
21975	1.647900
22000	1.223000
22025	1.599600
22050	1.251600
22075	1.674500
22100	1.308300
22125	1.625700
22150	1.279700
22175	1.615500
22200	1.265400
22225	1.629200
22250	1.323700
22275	1.627600
22300	1.229800
22325	1.616300
22350	1.323300
22375	1.672500
22400	1.200600
22425	1.639600
22450	1.229300
22475	1.630600
22500	1.272700
22525	1.663900
22550	1.274200
22575	1.595700
22600	1.190600
22625	1.599200
22650	1.190700
22675	1.608700
22700	1.274200
22725	1.598100
22750	1.227700
22775	1.615400
22800	1.293900
22825	1.639600
22850	1.244500
22875	1.502800
22900	1.364000
22925	1.632200
22950	1.343300
22975	1.593600
23000	1.322000
23025	1.606900
23050	1.332400
23075	1.574900
23100	1.264300
23125	1.578400
23150	1.220800
23175	1.570800
23200	1.272000
23225	1.594800
23250	1.267700
23275	1.588700
23300	1.301700
23325	1.630300
23350	1.296100
23375	1.629600
23400	1.337800
23425	1.597700
23450	1.298100
23475	1.656000
23500	1.321000
23525	1.611400
23550	1.295000
23575	1.606100
23600	1.333900
23625	1.614300
23650	1.305400
23675	1.623200
23700	1.293000
23725	1.653800
23750	1.192700
23775	1.576800
23800	1.220200
23825	1.623300
23850	1.311000
23875	1.617600
23900	1.215900
23925	1.598300
23950	1.276800
23975	1.617000
24000	1.300400
24025	1.613700
24050	1.264000
24075	1.613100
24100	1.292000
24125	1.587700
24150	1.321200
24175	1.610500
24200	1.302400
24225	1.625200
24250	1.240900
24275	1.690700
24300	1.251000
24325	1.629600
24350	1.296700
24375	1.641900
24400	1.300100
24425	1.711700
24450	1.310200
24475	1.620400
24500	1.287000
24525	1.616200
24550	1.354800
24575	1.598500
24600	1.281100
24625	1.607200
24650	1.402400
24675	1.617600
24700	1.295300
24725	1.625400
24750	1.225800
24775	1.584900
24800	1.308000
24825	1.551500
24850	1.285000
24875	1.660700
24900	1.273400
24925	1.628000
24950	1.356800
24975	1.682900
25000	1.291200
25025	1.617300
25050	1.300300
25075	1.640700
25100	1.271900
25125	1.674300
25150	1.258900
25175	1.635600
25200	1.265600
25225	1.615100
25250	1.258300
25275	1.589100
25300	1.312000
25325	1.589500
25350	1.275900
25375	1.618300
25400	1.143000
25425	1.601600
25450	1.277200
25475	1.612200
25500	1.320300
25525	1.637900
25550	1.303900
25575	1.563300
25600	1.349900
25625	1.675600
25650	1.293100
25675	1.578500
25700	1.272700
25725	1.622400
25750	1.254200
25775	1.622100
25800	1.260600
25825	1.621000
25850	1.340100
25875	1.600400
25900	1.390400
25925	1.611500
25950	1.270900
25975	1.643000
26000	1.334000
26025	1.610000
26050	1.305600
26075	1.602200
26100	1.195400
26125	1.613900
26150	1.310300
26175	1.642900
26200	1.350000
26225	1.624700
26250	1.207600
26275	1.580700
26300	1.215400
26325	1.635500
26350	1.263000
26375	1.631500
26400	1.288500
26425	1.639200
26450	1.256500
26475	1.574800
26500	1.229700
26525	1.618500
26550	1.265800
26575	1.621300
26600	1.309400
26625	1.610100
26650	1.251800
26675	1.632800
26700	1.376400
26725	1.587800
26750	1.224100
26775	1.641500
26800	1.211300
26825	1.646800
26850	1.294500
26875	1.633100
26900	1.217800
26925	1.626800
26950	1.232600
26975	1.644600
27000	1.300300
27025	1.597100
27050	1.216200
27075	1.625500
27100	1.292500
27125	1.593500
27150	1.243300
27175	1.598500
27200	1.199600
27225	1.606200
27250	1.246300
27275	1.573100
27300	1.267900
27325	1.607300
27350	1.226400
27375	1.631800
27400	1.357600
27425	1.590500
27450	1.276700
27475	1.637200
27500	1.335900
27525	1.672800
27550	1.233200
27575	1.627100
27600	1.213100
27625	1.632200
27650	1.231000
27675	1.600500
27700	1.250200
27725	1.631900
27750	1.247100
27775	1.644400
27800	1.205800
27825	1.640000
27850	1.214400
27875	1.579700
27900	1.199700
27925	1.598700
27950	1.334200
27975	1.621600
28000	1.303700
28025	1.619300
28050	1.270800
28075	1.601700
28100	1.249400
28125	1.601000
28150	1.286600
28175	1.600300
28200	1.218400
28225	1.574200
28250	1.209600
28275	1.630500
28300	1.256900
28325	1.610200
28350	1.221300
28375	1.650700
28400	1.240200
28425	1.569900
28450	1.221500
28475	1.603300
28500	1.261200
28525	1.572100
28550	1.307400
28575	1.613800
28600	1.300600
28625	1.571500
28650	1.205600
28675	1.614300
28700	1.324000
28725	1.602500
28750	1.290200
28775	1.651100
28800	1.301100
28825	1.603300
28850	1.249900
28875	1.631500
28900	1.348700
28925	1.605400
28950	1.324100
28975	1.618200
29000	1.238500
29025	1.609100
29050	1.219400
29075	1.594200
29100	1.307800
29125	1.588500
29150	1.320800
29175	1.614300
29200	1.328200
29225	1.577400
29250	1.215000
29275	1.617900
29300	1.225300
29325	1.675700
29350	1.284400
29375	1.606900
29400	1.230100
29425	1.641900
29450	1.310300
29475	1.632900
29500	1.300800
29525	1.655800
29550	1.310200
29575	1.670800
29600	1.241300
29625	1.618800
29650	1.191800
29675	1.589100
29700	1.265400
29725	1.599200
29750	1.290000
29775	1.602300
29800	1.252200
29825	1.576600
29850	1.282500
29875	1.658500
29900	1.220000
29925	1.586700
29950	1.285900
29975	1.604100
30000	1.290300
30025	1.594300
30050	1.252200
30075	1.610200
30100	1.330000
30125	1.630800
30150	1.233600
30175	1.607000
30200	1.260900
30225	1.632700
30250	1.230900
30275	1.577800
30300	1.211700
30325	1.615500
30350	1.292400
30375	1.664500
30400	1.241900
30425	1.610700
30450	1.265400
30475	1.628700
30500	1.247300
30525	1.643200
30550	1.253400
30575	1.616200
30600	1.267200
30625	1.636700
30650	1.368200
30675	1.577900
30700	1.230100
30725	1.652200
30750	1.266600
30775	1.586500
30800	1.203100
30825	1.596300
30850	1.303700
30875	1.603400
30900	1.258000
30925	1.639000
30950	1.307500
30975	1.543100
31000	1.196700
31025	1.592700
31050	1.286300
31075	1.615900
31100	1.323200
31125	1.598500
31150	1.271200
31175	1.654600
31200	1.273800
31225	1.596500
31250	1.289200
31275	1.640100
31300	1.338300
31325	1.588300
31350	1.267700
31375	1.609200
31400	1.251700
31425	1.596400
31450	1.316900
31475	1.582900
31500	1.296900
31525	1.653500
31550	1.291700
31575	1.596200
31600	1.328000
31625	1.605200
31650	1.271000
31675	1.580100
31700	1.230500
31725	1.637700
31750	1.292200
31775	1.623100
31800	1.309100
31825	1.591100
31850	1.237300
31875	1.591800
31900	1.209900
31925	1.631500
31950	1.330600
31975	1.666200
32000	1.327600
32025	1.613800
32050	1.252100
32075	1.600800
32100	1.326900
32125	1.609800
32150	1.341600
32175	1.643500
32200	1.237500
32225	1.614000
32250	1.235100
32275	1.641000
32300	1.332400
32325	1.651400
32350	1.269100
32375	1.594300
32400	1.326500
32425	1.622300
32450	1.250300
32475	1.633900
32500	1.301700
32525	1.668100
32550	1.291000
32575	1.615200
32600	1.201100
32625	1.621000
32650	1.257300
32675	1.608400
32700	1.262800
32725	1.590600
32750	1.297800
32775	1.628300
32800	1.186700
32825	1.637800
32850	1.275000
32875	1.602900
32900	1.217100
32925	1.602500
32950	1.234100
32975	1.640300
33000	1.315500
33025	1.634900
33050	1.293700
33075	1.604000
33100	1.298400
33125	1.593500
33150	1.235900
33175	1.621200
33200	1.263600
33225	1.575800
33250	1.294500
33275	1.536800
33300	1.242000
33325	1.635600
33350	1.141300
33375	1.536200
33400	1.263000
33425	1.594200
33450	1.264600
33475	1.599200
33500	1.305700
33525	1.610000
33550	1.266600
33575	1.577600
33600	1.342000
33625	1.596200
33650	1.341200
33675	1.616900
33700	1.256700
33725	1.647100
33750	1.245400
33775	1.611400
33800	1.360000
33825	1.570400
33850	1.304500
33875	1.624000
33900	1.235200
33925	1.573900
33950	1.239600
33975	1.630800
34000	1.265000
34025	1.621400
34050	1.359200
34075	1.568300
34100	1.314000
34125	1.622600
34150	1.249400
34175	1.587200
34200	1.289000
34225	1.670300
34250	1.315000
34275	1.617400
34300	1.227900
34325	1.540400
34350	1.289200
34375	1.643100
34400	1.210100
34425	1.581500
34450	1.273400
34475	1.586900
34500	1.208800
34525	1.596900
34550	1.289800
34575	1.640200
34600	1.255000
34625	1.583500
34650	1.335800
34675	1.583000
34700	1.363700
34725	1.591500
34750	1.153600
34775	1.634800
34800	1.253900
34825	1.577300
34850	1.291300
34875	1.660800
34900	1.335300
34925	1.616000
34950	1.234300
34975	1.600300
35000	1.284600
35025	1.608900
35050	1.256400
35075	1.617400
35100	1.251000
35125	1.630900
35150	1.275100
35175	1.623800
35200	1.279700
35225	1.628300
35250	1.214500
35275	1.635800
35300	1.282000
35325	1.613000
35350	1.275700
35375	1.623600
35400	1.297800
35425	1.607300
35450	1.292300
35475	1.597500
35500	1.294700
35525	1.605800
35550	1.251800
35575	1.621700
35600	1.200700
35625	1.566500
35650	1.293700
35675	1.614600
35700	1.208500
35725	1.603300
35750	1.241900
35775	1.651800
35800	1.323200
35825	1.615600
35850	1.297700
35875	1.599500
35900	1.293200
35925	1.541200
35950	1.201900
35975	1.626700
36000	1.260300
36025	1.646200
36050	1.275600
36075	1.564900
36100	1.292400
36125	1.625900
36150	1.276500
36175	1.630100
36200	1.291900
36225	1.600700
36250	1.313000
36275	1.579300
36300	1.250900
36325	1.553500
36350	1.251100
36375	1.626600
36400	1.261500
36425	1.648500
36450	1.234000
36475	1.617300
36500	1.269200
36525	1.629000
36550	1.254200
36575	1.567000
36600	1.248900
36625	1.599800
36650	1.252800
36675	1.584100
36700	1.214300
36725	1.661800
36750	1.350900
36775	1.569500
36800	1.225700
36825	1.642800
36850	1.251100
36875	1.654200
36900	1.231200
36925	1.616200
36950	1.262800
36975	1.563300
37000	1.188800
37025	1.657500
37050	1.229100
37075	1.574900
37100	1.297900
37125	1.612300
37150	1.293300
37175	1.559600
37200	1.177100
37225	1.627500
37250	1.288100
37275	1.598300
37300	1.254100
37325	1.580900
37350	1.296900
37375	1.594000
37400	1.305900
37425	1.620500
37450	1.358800
37475	1.627000
37500	1.298900
37525	1.654900
37550	1.246600
37575	1.605000
37600	1.238900
37625	1.619300
37650	1.256500
37675	1.603000
37700	1.189500
37725	1.615900
37750	1.185600
37775	1.599900
37800	1.212100
37825	1.637000
37850	1.259400
37875	1.612300
37900	1.260400
37925	1.586900
37950	1.316000
37975	1.563400
38000	1.299000
38025	1.598900
38050	1.288300
38075	1.597000
38100	1.291800
38125	1.604800
38150	1.299900
38175	1.634600
38200	1.298200
38225	1.609300
38250	1.253200
38275	1.591800
38300	1.262000
38325	1.631600
38350	1.317200
38375	1.635100
38400	1.276400
38425	1.667800
38450	1.286900
38475	1.580500
38500	1.188100
38525	1.615900
38550	1.251500
38575	1.617900
38600	1.215700
38625	1.642400
38650	1.268600
38675	1.584800
38700	1.230900
38725	1.571600
38750	1.235100
38775	1.579000
38800	1.292700
38825	1.562100
38850	1.266100
38875	1.606700
38900	1.274200
38925	1.623600
38950	1.310600
38975	1.567200
39000	1.209200
39025	1.621300
39050	1.301200
39075	1.624800
39100	1.214200
39125	1.584500
39150	1.185900
39175	1.607400
39200	1.218300
39225	1.558500
39250	1.255700
39275	1.675900
39300	1.246000
39325	1.652300
39350	1.268700
39375	1.625400
39400	1.303900
39425	1.584300
39450	1.265900
39475	1.592500
39500	1.283800
39525	1.580600
39550	1.246400
39575	1.664500
39600	1.367600
39625	1.601800
39650	1.258200
39675	1.610800
39700	1.261100
39725	1.642200
39750	1.240500
39775	1.602100
39800	1.225200
39825	1.645400
39850	1.290600
39875	1.621000
39900	1.275000
39925	1.655000
39950	1.293700
39975	1.571200
40000	1.276600
40025	1.574000
40050	1.188000
40075	1.596700
40100	1.347600
40125	1.638100
40150	1.303600
40175	1.584800
40200	1.213800
40225	1.659000
40250	1.208000
40275	1.583700
40300	1.283100
40325	1.601800
40350	1.180500
40375	1.573100
40400	1.288000
40425	1.580800
40450	1.171200
40475	1.593600
40500	1.238500
40525	1.592300
40550	1.185200
40575	1.676800
40600	1.302600
40625	1.599900
40650	1.243800
40675	1.605400
40700	1.250000
40725	1.616400
40750	1.220400
40775	1.627900
40800	1.271500
40825	1.530000
40850	1.201000
40875	1.614000
40900	1.278600
40925	1.560400
40950	1.234200
40975	1.576700
41000	1.303400
41025	1.568200
41050	1.293500
41075	1.611200
41100	1.268300
41125	1.591000
41150	1.172100
41175	1.576900
41200	1.266600
41225	1.650400
41250	1.252400
41275	1.591100
41300	1.267000
41325	1.594200
41350	1.253400
41375	1.641100
41400	1.279200
41425	1.617500
41450	1.233500
41475	1.546000
41500	1.278600
41525	1.560600
41550	1.234000
41575	1.597700
41600	1.223800
41625	1.608000
41650	1.215000
41675	1.600900
41700	1.268800
41725	1.562100
41750	1.276800
41775	1.586800
41800	1.300000
41825	1.591700
41850	1.258500
41875	1.610200
41900	1.255100
41925	1.620600
41950	1.257000
41975	1.608300
42000	1.287100
42025	1.606400
42050	1.228800
42075	1.655000
42100	1.287900
42125	1.580200
42150	1.260700
42175	1.595400
42200	1.200000
42225	1.608800
42250	1.254600
42275	1.584600
42300	1.233300
42325	1.610900
42350	1.276400
42375	1.568900
42400	1.235600
42425	1.572600
42450	1.297900
42475	1.632500
42500	1.362600
42525	1.525700
42550	1.172400
42575	1.620000
42600	1.324600
42625	1.571500
42650	1.261400
42675	1.568300
42700	1.271800
42725	1.626300
42750	1.273800
42775	1.616800
42800	1.246800
42825	1.579200
42850	1.239400
42875	1.576500
42900	1.201000
42925	1.637300
42950	1.200200
42975	1.640600
43000	1.228200
43025	1.597900
43050	1.177000
43075	1.575100
43100	1.289400
43125	1.583500
43150	1.288600
43175	1.602500
43200	1.223300
43225	1.591500
43250	1.215100
43275	1.608700
43300	1.278600
43325	1.602700
43350	1.321800
43375	1.583000
43400	1.373800
43425	1.627200
43450	1.292500
43475	1.662300
43500	1.210800
43525	1.607400
43550	1.231800
43575	1.587100
43600	1.330000
43625	1.568100
43650	1.266300
43675	1.645600
43700	1.237900
43725	1.618800
43750	1.205900
43775	1.553900
43800	1.293300
43825	1.608300
43850	1.359400
43875	1.644400
43900	1.204100
43925	1.608500
43950	1.254200
43975	1.620100
44000	1.206600
44025	1.596200
44050	1.195500
44075	1.616800
44100	1.343200
44125	1.629200
44150	1.269200
44175	1.602400
44200	1.257900
44225	1.584900
44250	1.290500
44275	1.643900
44300	1.226700
44325	1.620800
44350	1.218600
44375	1.594500
44400	1.302100
44425	1.555900
44450	1.221900
44475	1.582600
44500	1.295900
44525	1.551900
44550	1.246500
44575	1.607200
44600	1.295300
44625	1.610800
44650	1.228700
44675	1.570300
44700	1.258400
44725	1.580700
44750	1.239300
44775	1.605400
44800	1.280200
44825	1.574400
44850	1.295500
44875	1.587100
44900	1.285100
44925	1.626400
44950	1.342200
44975	1.535100
45000	1.203200
45025	1.599300
45050	1.327100
45075	1.611500
45100	1.231600
45125	1.626500
45150	1.267400
45175	1.634600
45200	1.236100
45225	1.637000
45250	1.313900
45275	1.562600
45300	1.290300
45325	1.568400
45350	1.210600
45375	1.561700
45400	1.324900
45425	1.613200
45450	1.253500
45475	1.554400
45500	1.245500
45525	1.622300
45550	1.289300
45575	1.591600
45600	1.188800
45625	1.635300
45650	1.258400
45675	1.661800
45700	1.268100
45725	1.589100
45750	1.271100
45775	1.583800
45800	1.312600
45825	1.625800
45850	1.306200
45875	1.646600
45900	1.283600
45925	1.578600
45950	1.209100
45975	1.632500
46000	1.299000
46025	1.560400
46050	1.267800
46075	1.601600
46100	1.263300
46125	1.604200
46150	1.319500
46175	1.652700
46200	1.251300
46225	1.672700
46250	1.294500
46275	1.596800
46300	1.306300
46325	1.593000
46350	1.281000
46375	1.611000
46400	1.253000
46425	1.581700
46450	1.282700
46475	1.634900
46500	1.346200
46525	1.637300
46550	1.246800
46575	1.587700
46600	1.261600
46625	1.627600
46650	1.326900
46675	1.553900
46700	1.231200
46725	1.611200
46750	1.209000
46775	1.602100
46800	1.325900
46825	1.613800
46850	1.209900
46875	1.634100
46900	1.300900
46925	1.570200
46950	1.246200
46975	1.577500
47000	1.258500
47025	1.598700
47050	1.251300
47075	1.607000
47100	1.340500
47125	1.633000
47150	1.260300
47175	1.543700
47200	1.172700
47225	1.570700
47250	1.294500
47275	1.609900
47300	1.198200
47325	1.596200
47350	1.289500
47375	1.633200
47400	1.208600
47425	1.657000
47450	1.345400
47475	1.634100
47500	1.244700
47525	1.604800
47550	1.308100
47575	1.608800
47600	1.242000
47625	1.603600
47650	1.232700
47675	1.619600
47700	1.323100
47725	1.601900
47750	1.357400
47775	1.571600
47800	1.233100
47825	1.610100
47850	1.253900
47875	1.614300
47900	1.272500
47925	1.626500
47950	1.202900
47975	1.571700
48000	1.229700
48025	1.568300
48050	1.253300
48075	1.598200
48100	1.198300
48125	1.603300
48150	1.296900
48175	1.615200
48200	1.205600
48225	1.612000
48250	1.188000
48275	1.593200
48300	1.237800
48325	1.582600
48350	1.287500
48375	1.656300
48400	1.303400
48425	1.587800
48450	1.200700
48475	1.580300
48500	1.256100
48525	1.617300
48550	1.183300
48575	1.614400
48600	1.254900
48625	1.588400
48650	1.316700
48675	1.607600
48700	1.250400
48725	1.570000
48750	1.286600
48775	1.664700
48800	1.275300
48825	1.636200
48850	1.234900
48875	1.595000
48900	1.285200
48925	1.547300
48950	1.275400
48975	1.609900
49000	1.267600
49025	1.599600
49050	1.270000
49075	1.582400
49100	1.176300
49125	1.624900
49150	1.260200
49175	1.649400
49200	1.326500
49225	1.588300
49250	1.182800
49275	1.569800
49300	1.229700
49325	1.569500
49350	1.260400
49375	1.647500
49400	1.222800
49425	1.588400
49450	1.243800
49475	1.597100
49500	1.246600
49525	1.614500
49550	1.304400
49575	1.585000
49600	1.220100
49625	1.606700
49650	1.320000
49675	1.571600
49700	1.260600
49725	1.559900
49750	1.233800
49775	1.582800
49800	1.235900
49825	1.579800
49850	1.243100
49875	1.574100
49900	1.239500
49925	1.628300
49950	1.285200
49975	1.578000
50000	1.250100
50025	1.611400
50050	1.255400
50075	1.575800
50100	1.283100
50125	1.603100
50150	1.363100
50175	1.557900
50200	1.281200
50225	1.582000
50250	1.293300
50275	1.613300
50300	1.208800
50325	1.642700
50350	1.286900
50375	1.512200
50400	1.214700
50425	1.620300
50450	1.282600
50475	1.567900
50500	1.236000
50525	1.614100
50550	1.263000
50575	1.658000
50600	1.316000
50625	1.601100
50650	1.238600
50675	1.662000
50700	1.292900
50725	1.607500
50750	1.277200
50775	1.611100
50800	1.247100
50825	1.640800
50850	1.269300
50875	1.606000
50900	1.272800
50925	1.589100
50950	1.286100
50975	1.573600
51000	1.290900
51025	1.587600
51050	1.217200
51075	1.608900
51100	1.318100
51125	1.577800
51150	1.276300
51175	1.602900
51200	1.225600
51225	1.553200
51250	1.266600
51275	1.594500
51300	1.210300
51325	1.583900
51350	1.276500
51375	1.572100
51400	1.294600
51425	1.604800
51450	1.259200
51475	1.569500
51500	1.274600
51525	1.598600
51550	1.206000
51575	1.575400
51600	1.273300
51625	1.580600
51650	1.258000
51675	1.604300
51700	1.321000
51725	1.603000
51750	1.216800
51775	1.586400
51800	1.113700
51825	1.626600
51850	1.253600
51875	1.606900
51900	1.262100
51925	1.615800
51950	1.238100
51975	1.580200
52000	1.241300
52025	1.575700
52050	1.303800
52075	1.620600
52100	1.262700
52125	1.555500
52150	1.250800
52175	1.563200
52200	1.284600
52225	1.565700
52250	1.218400
52275	1.579000
52300	1.243600
52325	1.567700
52350	1.210200
52375	1.592800
52400	1.216100
52425	1.606400
52450	1.254200
52475	1.628100
52500	1.308700
52525	1.612200
52550	1.290600
52575	1.605300
52600	1.205400
52625	1.623200
52650	1.282900
52675	1.612200
52700	1.242100
52725	1.563600
52750	1.281200
52775	1.600000
52800	1.272400
52825	1.615800
52850	1.282200
52875	1.633800
52900	1.264900
52925	1.632500
52950	1.241800
52975	1.589200
53000	1.257800
53025	1.572800
53050	1.239500
53075	1.587800
53100	1.230600
53125	1.560300
53150	1.290600
53175	1.627100
53200	1.276900
53225	1.570500
53250	1.281800
53275	1.595000
53300	1.293400
53325	1.597000
53350	1.289600
53375	1.599200
53400	1.266000
53425	1.602900
53450	1.193600